######################################################################
# Supplementary data to
#   Zubaran, Ritt: "An effective heuristic algorithm for the partial shop scheduling problem"
#
# The table contains one entry for each execution of the algorithm.
#
# Contains the extended results for the table in Figure 8. Reports the 400 executions on a total of 40 instances.
#
# The total execution time is 300 seconds.
#
# Columns are as follows
#  1: index
#  2: instance name
#  3: number of open shop jobs(for MSS)
#  4: group size (for GSS instaces by Blum, and Sampels. "An ant colony optimization algorithm for shop scheduling problems." 2004)
#  5: instance replication (for generated instances)
#  6: seed for execution
#  7: best known value (for OSS), lower bound (for others)
#  8: time for comparison (seconds)
#  9: makespan at time of comparison
#  10: makespan at 300 seconds
#  11: Time to best solution
######################################################################
1   abz7_10 NA 10  NA    0       556 44.98333333    612       612      2.395
2   abz7_10 NA 10  NA 1111       556 44.98333333    612       612      0.628
3   abz7_10 NA 10  NA 2222       556 44.98333333    612       612      9.251
4   abz7_10 NA 10  NA 3333       556 44.98333333    612       612      1.604
5   abz7_10 NA 10  NA 4444       556 44.98333333    612       612      6.489
6   abz7_10 NA 10  NA 5555       556 44.98333333    612       612      4.801
7   abz7_10 NA 10  NA 6666       556 44.98333333    612       612      8.236
8   abz7_10 NA 10  NA 7777       556 44.98333333    612       612      7.295
9   abz7_10 NA 10  NA 8888       556 44.98333333    612       612     25.180
10  abz7_10 NA 10  NA 9999       556 44.98333333    612       612      2.541
11  abz7_11 NA 11  NA    0       567 43.08333333    610       610      0.011
12  abz7_11 NA 11  NA 1111       567 43.08333333    610       610      0.011
13  abz7_11 NA 11  NA 2222       567 43.08333333    610       610      0.011
14  abz7_11 NA 11  NA 3333       567 43.08333333    610       610      0.011
15  abz7_11 NA 11  NA 4444       567 43.08333333    610       610      0.011
16  abz7_11 NA 11  NA 5555       567 43.08333333    610       610      0.014
17  abz7_11 NA 11  NA 6666       567 43.08333333    610       610      0.010
18  abz7_11 NA 11  NA 7777       567 43.08333333    610       610      0.011
19  abz7_11 NA 11  NA 8888       567 43.08333333    610       610      0.010
20  abz7_11 NA 11  NA 9999       567 43.08333333    610       610      0.010
21  abz7_12 NA 12  NA    0       566 43.83333333    592       592      0.008
22  abz7_12 NA 12  NA 1111       566 43.83333333    592       592      0.007
23  abz7_12 NA 12  NA 2222       566 43.83333333    592       592      0.007
24  abz7_12 NA 12  NA 3333       566 43.83333333    592       592      0.007
25  abz7_12 NA 12  NA 4444       566 43.83333333    592       592      0.007
26  abz7_12 NA 12  NA 5555       566 43.83333333    592       592      0.008
27  abz7_12 NA 12  NA 6666       566 43.83333333    592       592      0.007
28  abz7_12 NA 12  NA 7777       566 43.83333333    592       592      0.008
29  abz7_12 NA 12  NA 8888       566 43.83333333    592       592      0.008
30  abz7_12 NA 12  NA 9999       566 43.83333333    592       592      0.007
31  abz7_13 NA 13  NA    0       566 41.96666667    581       581      0.016
32  abz7_13 NA 13  NA 1111       566 41.96666667    581       581      0.017
33  abz7_13 NA 13  NA 2222       566 41.96666667    581       581      0.016
34  abz7_13 NA 13  NA 3333       566 41.96666667    581       581      0.016
35  abz7_13 NA 13  NA 4444       566 41.96666667    581       581      0.016
36  abz7_13 NA 13  NA 5555       566 41.96666667    581       581      0.014
37  abz7_13 NA 13  NA 6666       566 41.96666667    581       581      0.016
38  abz7_13 NA 13  NA 7777       566 41.96666667    581       581      0.022
39  abz7_13 NA 13  NA 8888       566 41.96666667    581       581      0.016
40  abz7_13 NA 13  NA 9999       566 41.96666667    581       581      0.016
41  abz7_14 NA 14  NA    0       562 42.46666667    562       562      0.027
42  abz7_14 NA 14  NA 1111       562 42.46666667    562       562      0.023
43  abz7_14 NA 14  NA 2222       562 42.46666667    562       562      0.022
44  abz7_14 NA 14  NA 3333       562 42.46666667    562       562      0.021
45  abz7_14 NA 14  NA 4444       562 42.46666667    562       562      0.020
46  abz7_14 NA 14  NA 5555       562 42.46666667    562       562      0.021
47  abz7_14 NA 14  NA 6666       562 42.46666667    562       562      0.021
48  abz7_14 NA 14  NA 7777       562 42.46666667    562       562      0.020
49  abz7_14 NA 14  NA 8888       562 42.46666667    562       562      0.021
50  abz7_14 NA 14  NA 9999       562 42.46666667    562       562      0.021
51  abz7_15 NA 15  NA    0       556  2.51666667    556       556      0.004
52  abz7_15 NA 15  NA 1111       556  2.51666667    556       556      0.004
53  abz7_15 NA 15  NA 2222       556  2.51666667    556       556      0.004
54  abz7_15 NA 15  NA 3333       556  2.51666667    556       556      0.004
55  abz7_15 NA 15  NA 4444       556  2.51666667    556       556      0.005
56  abz7_15 NA 15  NA 5555       556  2.51666667    556       556      0.005
57  abz7_15 NA 15  NA 6666       556  2.51666667    556       556      0.005
58  abz7_15 NA 15  NA 7777       556  2.51666667    556       556      0.005
59  abz7_15 NA 15  NA 8888       556  2.51666667    556       556      0.006
60  abz7_15 NA 15  NA 9999       556  2.51666667    556       556      0.005
61   abz7_1 NA  1  NA    0       638 46.01666667    668       666    233.209
62   abz7_1 NA  1  NA 1111       638 46.01666667    664       664     22.472
63   abz7_1 NA  1  NA 2222       638 46.01666667    665       665     20.538
64   abz7_1 NA  1  NA 3333       638 46.01666667    668       658    263.700
65   abz7_1 NA  1  NA 4444       638 46.01666667    667       658     86.576
66   abz7_1 NA  1  NA 5555       638 46.01666667    668       664    294.825
67   abz7_1 NA  1  NA 6666       638 46.01666667    668       667    241.908
68   abz7_1 NA  1  NA 7777       638 46.01666667    665       665     28.455
69   abz7_1 NA  1  NA 8888       638 46.01666667    668       668      5.997
70   abz7_1 NA  1  NA 9999       638 46.01666667    666       666     40.785
71   abz7_2 NA  2  NA    0       593 45.05000000    641       641      0.758
72   abz7_2 NA  2  NA 1111       593 45.05000000    641       641      1.376
73   abz7_2 NA  2  NA 2222       593 45.05000000    641       641      1.395
74   abz7_2 NA  2  NA 3333       593 45.05000000    641       641      1.186
75   abz7_2 NA  2  NA 4444       593 45.05000000    641       641      1.678
76   abz7_2 NA  2  NA 5555       593 45.05000000    641       641      1.113
77   abz7_2 NA  2  NA 6666       593 45.05000000    641       641      0.790
78   abz7_2 NA  2  NA 7777       593 45.05000000    641       641      1.051
79   abz7_2 NA  2  NA 8888       593 45.05000000    641       641      2.032
80   abz7_2 NA  2  NA 9999       593 45.05000000    641       641      1.453
81   abz7_3 NA  3  NA    0       571 45.98333333    612       612      0.832
82   abz7_3 NA  3  NA 1111       571 45.98333333    612       612      0.984
83   abz7_3 NA  3  NA 2222       571 45.98333333    612       612      1.382
84   abz7_3 NA  3  NA 3333       571 45.98333333    612       612      1.316
85   abz7_3 NA  3  NA 4444       571 45.98333333    612       612      0.920
86   abz7_3 NA  3  NA 5555       571 45.98333333    612       612      1.295
87   abz7_3 NA  3  NA 6666       571 45.98333333    612       612      2.547
88   abz7_3 NA  3  NA 7777       571 45.98333333    612       612      0.879
89   abz7_3 NA  3  NA 8888       571 45.98333333    612       612      0.864
90   abz7_3 NA  3  NA 9999       571 45.98333333    612       612      0.874
91   abz7_4 NA  4  NA    0       571 44.66666667    609       609      2.147
92   abz7_4 NA  4  NA 1111       571 44.66666667    609       609      1.657
93   abz7_4 NA  4  NA 2222       571 44.66666667    609       609      3.693
94   abz7_4 NA  4  NA 3333       571 44.66666667    609       609      3.625
95   abz7_4 NA  4  NA 4444       571 44.66666667    609       609      4.946
96   abz7_4 NA  4  NA 5555       571 44.66666667    609       609      2.182
97   abz7_4 NA  4  NA 6666       571 44.66666667    609       609     10.012
98   abz7_4 NA  4  NA 7777       571 44.66666667    609       609      3.032
99   abz7_4 NA  4  NA 8888       571 44.66666667    609       609     12.969
100  abz7_4 NA  4  NA 9999       571 44.66666667    609       609      5.749
101  abz7_5 NA  5  NA    0       556 45.08333333    638       638      0.147
102  abz7_5 NA  5  NA 1111       556 45.08333333    638       638      0.150
103  abz7_5 NA  5  NA 2222       556 45.08333333    638       638      0.130
104  abz7_5 NA  5  NA 3333       556 45.08333333    638       638      0.129
105  abz7_5 NA  5  NA 4444       556 45.08333333    638       638      0.140
106  abz7_5 NA  5  NA 5555       556 45.08333333    638       638      0.137
107  abz7_5 NA  5  NA 6666       556 45.08333333    638       638      0.145
108  abz7_5 NA  5  NA 7777       556 45.08333333    638       638      0.129
109  abz7_5 NA  5  NA 8888       556 45.08333333    638       638      0.148
110  abz7_5 NA  5  NA 9999       556 45.08333333    638       638      0.149
111  abz7_6 NA  6  NA    0       569 40.76666667    600       600      2.953
112  abz7_6 NA  6  NA 1111       569 40.76666667    600       600      1.157
113  abz7_6 NA  6  NA 2222       569 40.76666667    600       600      0.661
114  abz7_6 NA  6  NA 3333       569 40.76666667    600       600      1.361
115  abz7_6 NA  6  NA 4444       569 40.76666667    600       600      2.452
116  abz7_6 NA  6  NA 5555       569 40.76666667    600       600      1.081
117  abz7_6 NA  6  NA 6666       569 40.76666667    600       600      2.148
118  abz7_6 NA  6  NA 7777       569 40.76666667    600       600      4.725
119  abz7_6 NA  6  NA 8888       569 40.76666667    600       600      4.173
120  abz7_6 NA  6  NA 9999       569 40.76666667    600       600      1.700
121  abz7_7 NA  7  NA    0       567 54.33333333    567       567     20.263
122  abz7_7 NA  7  NA 1111       567 54.33333333    578       567     59.590
123  abz7_7 NA  7  NA 2222       567 54.33333333    567       567     30.615
124  abz7_7 NA  7  NA 3333       567 54.33333333    577       567     78.535
125  abz7_7 NA  7  NA 4444       567 54.33333333    567       567     36.390
126  abz7_7 NA  7  NA 5555       567 54.33333333    567       567     23.032
127  abz7_7 NA  7  NA 6666       567 54.33333333    567       567     18.933
128  abz7_7 NA  7  NA 7777       567 54.33333333    567       567     23.205
129  abz7_7 NA  7  NA 8888       567 54.33333333    567       567     44.498
130  abz7_7 NA  7  NA 9999       567 54.33333333    567       567     25.112
131  abz7_8 NA  8  NA    0       556 45.76666667    577       577      0.136
132  abz7_8 NA  8  NA 1111       556 45.76666667    577       577      0.133
133  abz7_8 NA  8  NA 2222       556 45.76666667    577       577      0.140
134  abz7_8 NA  8  NA 3333       556 45.76666667    577       577      0.121
135  abz7_8 NA  8  NA 4444       556 45.76666667    577       577      0.134
136  abz7_8 NA  8  NA 5555       556 45.76666667    577       577      0.120
137  abz7_8 NA  8  NA 6666       556 45.76666667    577       577      0.123
138  abz7_8 NA  8  NA 7777       556 45.76666667    577       577      0.137
139  abz7_8 NA  8  NA 8888       556 45.76666667    577       577      0.137
140  abz7_8 NA  8  NA 9999       556 45.76666667    577       577      0.136
141  abz7_9 NA  9  NA    0       556 47.51666667    577       577     16.834
142  abz7_9 NA  9  NA 1111       556 47.51666667    577       577     33.653
143  abz7_9 NA  9  NA 2222       556 47.51666667    577       577     15.054
144  abz7_9 NA  9  NA 3333       556 47.51666667    577       577      5.266
145  abz7_9 NA  9  NA 4444       556 47.51666667    577       577     16.853
146  abz7_9 NA  9  NA 5555       556 47.51666667    577       577     40.790
147  abz7_9 NA  9  NA 6666       556 47.51666667    577       577     24.322
148  abz7_9 NA  9  NA 7777       556 47.51666667    577       577     18.376
149  abz7_9 NA  9  NA 8888       556 47.51666667    577       577     36.104
150  abz7_9 NA  9  NA 9999       556 47.51666667    577       577     30.564
151 ft10_10 NA 10  NA    0       655  0.08333333    655       655      0.000
152 ft10_10 NA 10  NA 1111       655  0.08333333    655       655      0.000
153 ft10_10 NA 10  NA 2222       655  0.08333333    655       655      0.000
154 ft10_10 NA 10  NA 3333       655  0.08333333    655       655      0.000
155 ft10_10 NA 10  NA 4444       655  0.08333333    655       655      0.000
156 ft10_10 NA 10  NA 5555       655  0.08333333    655       655      0.000
157 ft10_10 NA 10  NA 6666       655  0.08333333    655       655      0.000
158 ft10_10 NA 10  NA 7777       655  0.08333333    655       655      0.000
159 ft10_10 NA 10  NA 8888       655  0.08333333    655       655      0.000
160 ft10_10 NA 10  NA 9999       655  0.08333333    655       655      0.000
161  ft10_1 NA  1  NA    0       796 10.38333333    930       930      0.572
162  ft10_1 NA  1  NA 1111       796 10.38333333    930       930      0.373
163  ft10_1 NA  1  NA 2222       796 10.38333333    930       930      1.063
164  ft10_1 NA  1  NA 3333       796 10.38333333    930       930      1.290
165  ft10_1 NA  1  NA 4444       796 10.38333333    930       930      3.043
166  ft10_1 NA  1  NA 5555       796 10.38333333    930       930      2.113
167  ft10_1 NA  1  NA 6666       796 10.38333333    930       930      0.200
168  ft10_1 NA  1  NA 7777       796 10.38333333    930       930      0.365
169  ft10_1 NA  1  NA 8888       796 10.38333333    930       930      6.007
170  ft10_1 NA  1  NA 9999       796 10.38333333    930       930      7.331
171  ft10_2 NA  2  NA    0       711 10.91666667    871       870     32.766
172  ft10_2 NA  2  NA 1111       711 10.91666667    873       869    237.559
173  ft10_2 NA  2  NA 2222       711 10.91666667    872       870     92.481
174  ft10_2 NA  2  NA 3333       711 10.91666667    872       870    239.504
175  ft10_2 NA  2  NA 4444       711 10.91666667    873       870    125.764
176  ft10_2 NA  2  NA 5555       711 10.91666667    875       870    246.785
177  ft10_2 NA  2  NA 6666       711 10.91666667    873       870     61.404
178  ft10_2 NA  2  NA 7777       711 10.91666667    872       869     39.402
179  ft10_2 NA  2  NA 8888       711 10.91666667    873       870     50.918
180  ft10_2 NA  2  NA 9999       711 10.91666667    872       869    287.498
181  ft10_3 NA  3  NA    0       678 10.53333333    823       817    295.728
182  ft10_3 NA  3  NA 1111       678 10.53333333    823       816    131.876
183  ft10_3 NA  3  NA 2222       678 10.53333333    821       816     30.391
184  ft10_3 NA  3  NA 3333       678 10.53333333    826       816     86.986
185  ft10_3 NA  3  NA 4444       678 10.53333333    825       816     21.758
186  ft10_3 NA  3  NA 5555       678 10.53333333    824       816    190.064
187  ft10_3 NA  3  NA 6666       678 10.53333333    823       816    168.143
188  ft10_3 NA  3  NA 7777       678 10.53333333    817       816     40.471
189  ft10_3 NA  3  NA 8888       678 10.53333333    821       816     92.957
190  ft10_3 NA  3  NA 9999       678 10.53333333    820       816    196.426
191  ft10_4 NA  4  NA    0       655 11.25000000    780       772    179.351
192  ft10_4 NA  4  NA 1111       655 11.25000000    778       772     64.090
193  ft10_4 NA  4  NA 2222       655 11.25000000    780       772    184.678
194  ft10_4 NA  4  NA 3333       655 11.25000000    775       775      1.123
195  ft10_4 NA  4  NA 4444       655 11.25000000    780       775     64.161
196  ft10_4 NA  4  NA 5555       655 11.25000000    778       772     16.862
197  ft10_4 NA  4  NA 6666       655 11.25000000    780       772    270.088
198  ft10_4 NA  4  NA 7777       655 11.25000000    780       772    152.267
199  ft10_4 NA  4  NA 8888       655 11.25000000    780       775    255.503
200  ft10_4 NA  4  NA 9999       655 11.25000000    782       772     86.378
201  ft10_5 NA  5  NA    0       655 10.21666667    745       745      5.265
202  ft10_5 NA  5  NA 1111       655 10.21666667    745       745      6.873
203  ft10_5 NA  5  NA 2222       655 10.21666667    747       745     18.544
204  ft10_5 NA  5  NA 3333       655 10.21666667    745       745      3.194
205  ft10_5 NA  5  NA 4444       655 10.21666667    745       745      2.090
206  ft10_5 NA  5  NA 5555       655 10.21666667    745       745      9.320
207  ft10_5 NA  5  NA 6666       655 10.21666667    745       745      2.648
208  ft10_5 NA  5  NA 7777       655 10.21666667    745       745      3.077
209  ft10_5 NA  5  NA 8888       655 10.21666667    745       745      6.984
210  ft10_5 NA  5  NA 9999       655 10.21666667    745       745      0.770
211  ft10_6 NA  6  NA    0       655 10.50000000    725       725      3.870
212  ft10_6 NA  6  NA 1111       655 10.50000000    725       725      7.689
213  ft10_6 NA  6  NA 2222       655 10.50000000    727       725     14.125
214  ft10_6 NA  6  NA 3333       655 10.50000000    725       725      3.704
215  ft10_6 NA  6  NA 4444       655 10.50000000    725       725      8.372
216  ft10_6 NA  6  NA 5555       655 10.50000000    725       725      4.963
217  ft10_6 NA  6  NA 6666       655 10.50000000    725       725      7.060
218  ft10_6 NA  6  NA 7777       655 10.50000000    725       725      5.934
219  ft10_6 NA  6  NA 8888       655 10.50000000    727       725     15.578
220  ft10_6 NA  6  NA 9999       655 10.50000000    725       725      6.115
221  ft10_7 NA  7  NA    0       655  7.61666667    694       676    284.295
222  ft10_7 NA  7  NA 1111       655  7.61666667    694       676     50.300
223  ft10_7 NA  7  NA 2222       655  7.61666667    686       676    174.189
224  ft10_7 NA  7  NA 3333       655  7.61666667    686       676     10.671
225  ft10_7 NA  7  NA 4444       655  7.61666667    685       676     12.005
226  ft10_7 NA  7  NA 5555       655  7.61666667    683       676    178.341
227  ft10_7 NA  7  NA 6666       655  7.61666667    686       676     63.337
228  ft10_7 NA  7  NA 7777       655  7.61666667    679       678      9.881
229  ft10_7 NA  7  NA 8888       655  7.61666667    683       676    113.674
230  ft10_7 NA  7  NA 9999       655  7.61666667    686       676     44.153
231  ft10_8 NA  8  NA    0       655  2.10000000    655       655      0.589
232  ft10_8 NA  8  NA 1111       655  2.10000000    655       655      1.330
233  ft10_8 NA  8  NA 2222       655  2.10000000    657       655      3.607
234  ft10_8 NA  8  NA 3333       655  2.10000000    655       655      2.044
235  ft10_8 NA  8  NA 4444       655  2.10000000    655       655      0.688
236  ft10_8 NA  8  NA 5555       655  2.10000000    655       655      2.092
237  ft10_8 NA  8  NA 6666       655  2.10000000    655       655      0.591
238  ft10_8 NA  8  NA 7777       655  2.10000000    655       655      2.084
239  ft10_8 NA  8  NA 8888       655  2.10000000    655       655      1.820
240  ft10_8 NA  8  NA 9999       655  2.10000000    656       655      2.356
241  ft10_9 NA  9  NA    0       655  0.13333333    655       655      0.054
242  ft10_9 NA  9  NA 1111       655  0.13333333    655       655      0.054
243  ft10_9 NA  9  NA 2222       655  0.13333333    655       655      0.054
244  ft10_9 NA  9  NA 3333       655  0.13333333    655       655      0.054
245  ft10_9 NA  9  NA 4444       655  0.13333333    655       655      0.054
246  ft10_9 NA  9  NA 5555       655  0.13333333    655       655      0.054
247  ft10_9 NA  9  NA 6666       655  0.13333333    655       655      0.055
248  ft10_9 NA  9  NA 7777       655  0.13333333    655       655      0.054
249  ft10_9 NA  9  NA 8888       655  0.13333333    655       655      0.054
250  ft10_9 NA  9  NA 9999       655  0.13333333    655       655      0.054
251 la38_10 NA 10  NA    0       943 32.11666667    970       970     19.752
252 la38_10 NA 10  NA 1111       943 32.11666667    990       970     48.992
253 la38_10 NA 10  NA 2222       943 32.11666667    971       970     37.087
254 la38_10 NA 10  NA 3333       943 32.11666667    970       970     27.937
255 la38_10 NA 10  NA 4444       943 32.11666667    990       970     36.856
256 la38_10 NA 10  NA 5555       943 32.11666667    972       970     44.400
257 la38_10 NA 10  NA 6666       943 32.11666667    990       970     46.267
258 la38_10 NA 10  NA 7777       943 32.11666667    990       970     50.209
259 la38_10 NA 10  NA 8888       943 32.11666667    990       970    112.750
260 la38_10 NA 10  NA 9999       943 32.11666667    990       970    118.608
261 la38_11 NA 11  NA    0       943 33.70000000    979       979     30.521
262 la38_11 NA 11  NA 1111       943 33.70000000    979       979      9.278
263 la38_11 NA 11  NA 2222       943 33.70000000    979       979      3.433
264 la38_11 NA 11  NA 3333       943 33.70000000    979       979      8.209
265 la38_11 NA 11  NA 4444       943 33.70000000    989       979     80.330
266 la38_11 NA 11  NA 5555       943 33.70000000    979       979      5.510
267 la38_11 NA 11  NA 6666       943 33.70000000    989       979     77.229
268 la38_11 NA 11  NA 7777       943 33.70000000    979       979     12.690
269 la38_11 NA 11  NA 8888       943 33.70000000    979       979     17.612
270 la38_11 NA 11  NA 9999       943 33.70000000    979       979     10.341
271 la38_12 NA 12  NA    0       943 19.85000000    943       943     16.069
272 la38_12 NA 12  NA 1111       943 19.85000000    946       943     27.367
273 la38_12 NA 12  NA 2222       943 19.85000000    948       943     29.844
274 la38_12 NA 12  NA 3333       943 19.85000000    946       943     24.999
275 la38_12 NA 12  NA 4444       943 19.85000000    943       943     16.848
276 la38_12 NA 12  NA 5555       943 19.85000000    951       943    105.964
277 la38_12 NA 12  NA 6666       943 19.85000000    948       943     28.890
278 la38_12 NA 12  NA 7777       943 19.85000000    947       943     72.334
279 la38_12 NA 12  NA 8888       943 19.85000000    944       943     22.014
280 la38_12 NA 12  NA 9999       943 19.85000000    945       943     20.356
281 la38_13 NA 13  NA    0       943  1.63333333    943       943      0.727
282 la38_13 NA 13  NA 1111       943  1.63333333    943       943      0.974
283 la38_13 NA 13  NA 2222       943  1.63333333    943       943      0.794
284 la38_13 NA 13  NA 3333       943  1.63333333    943       943      1.061
285 la38_13 NA 13  NA 4444       943  1.63333333    943       943      1.431
286 la38_13 NA 13  NA 5555       943  1.63333333    943       943      0.582
287 la38_13 NA 13  NA 6666       943  1.63333333    948       943      2.722
288 la38_13 NA 13  NA 7777       943  1.63333333    943       943      1.413
289 la38_13 NA 13  NA 8888       943  1.63333333    946       943      2.102
290 la38_13 NA 13  NA 9999       943  1.63333333    948       943      1.735
291 la38_14 NA 14  NA    0       943  1.25000000    943       943      0.003
292 la38_14 NA 14  NA 1111       943  1.25000000    943       943      0.003
293 la38_14 NA 14  NA 2222       943  1.25000000    943       943      0.003
294 la38_14 NA 14  NA 3333       943  1.25000000    943       943      0.003
295 la38_14 NA 14  NA 4444       943  1.25000000    943       943      0.003
296 la38_14 NA 14  NA 5555       943  1.25000000    943       943      0.003
297 la38_14 NA 14  NA 6666       943  1.25000000    943       943      0.003
298 la38_14 NA 14  NA 7777       943  1.25000000    943       943      0.003
299 la38_14 NA 14  NA 8888       943  1.25000000    943       943      0.003
300 la38_14 NA 14  NA 9999       943  1.25000000    943       943      0.003
301 la38_15 NA 15  NA    0       943  1.21666667    943       943      0.002
302 la38_15 NA 15  NA 1111       943  1.21666667    943       943      0.002
303 la38_15 NA 15  NA 2222       943  1.21666667    943       943      0.002
304 la38_15 NA 15  NA 3333       943  1.21666667    943       943      0.002
305 la38_15 NA 15  NA 4444       943  1.21666667    943       943      0.002
306 la38_15 NA 15  NA 5555       943  1.21666667    943       943      0.002
307 la38_15 NA 15  NA 6666       943  1.21666667    943       943      0.002
308 la38_15 NA 15  NA 7777       943  1.21666667    943       943      0.002
309 la38_15 NA 15  NA 8888       943  1.21666667    943       943      0.002
310 la38_15 NA 15  NA 9999       943  1.21666667    943       943      0.002
311  la38_1 NA  1  NA    0       943 32.70000000   1196      1196      3.480
312  la38_1 NA  1  NA 1111       943 32.70000000   1196      1196      1.358
313  la38_1 NA  1  NA 2222       943 32.70000000   1196      1196     13.861
314  la38_1 NA  1  NA 3333       943 32.70000000   1196      1196     13.854
315  la38_1 NA  1  NA 4444       943 32.70000000   1196      1196      3.527
316  la38_1 NA  1  NA 5555       943 32.70000000   1196      1196      1.132
317  la38_1 NA  1  NA 6666       943 32.70000000   1201      1196    157.312
318  la38_1 NA  1  NA 7777       943 32.70000000   1196      1196      4.731
319  la38_1 NA  1  NA 8888       943 32.70000000   1205      1196     66.662
320  la38_1 NA  1  NA 9999       943 32.70000000   1196      1196     10.040
321  la38_2 NA  2  NA    0       943 31.31666667   1108      1105    218.109
322  la38_2 NA  2  NA 1111       943 31.31666667   1105      1099     39.251
323  la38_2 NA  2  NA 2222       943 31.31666667   1108      1098     66.461
324  la38_2 NA  2  NA 3333       943 31.31666667   1100      1099     85.906
325  la38_2 NA  2  NA 4444       943 31.31666667   1109      1099    155.146
326  la38_2 NA  2  NA 5555       943 31.31666667   1108      1101     79.563
327  la38_2 NA  2  NA 6666       943 31.31666667   1108      1101     43.045
328  la38_2 NA  2  NA 7777       943 31.31666667   1100      1098    273.584
329  la38_2 NA  2  NA 8888       943 31.31666667   1098      1098     12.156
330  la38_2 NA  2  NA 9999       943 31.31666667   1111      1098     52.048
331  la38_3 NA  3  NA    0       943 30.33333333   1048      1030     93.590
332  la38_3 NA  3  NA 1111       943 30.33333333   1049      1033    167.809
333  la38_3 NA  3  NA 2222       943 30.33333333   1048      1036    240.545
334  la38_3 NA  3  NA 3333       943 30.33333333   1049      1029    242.522
335  la38_3 NA  3  NA 4444       943 30.33333333   1049      1025    208.494
336  la38_3 NA  3  NA 5555       943 30.33333333   1049      1031    197.418
337  la38_3 NA  3  NA 6666       943 30.33333333   1049      1025    256.659
338  la38_3 NA  3  NA 7777       943 30.33333333   1049      1048     49.226
339  la38_3 NA  3  NA 8888       943 30.33333333   1049      1029    223.923
340  la38_3 NA  3  NA 9999       943 30.33333333   1049      1048     41.944
341  la38_4 NA  4  NA    0       943 33.31666667    990       986    115.196
342  la38_4 NA  4  NA 1111       943 33.31666667    994       980    191.882
343  la38_4 NA  4  NA 2222       943 33.31666667    991       982    252.220
344  la38_4 NA  4  NA 3333       943 33.31666667    998       983    288.192
345  la38_4 NA  4  NA 4444       943 33.31666667    995       989    196.538
346  la38_4 NA  4  NA 5555       943 33.31666667    993       986    192.884
347  la38_4 NA  4  NA 6666       943 33.31666667    992       982    294.034
348  la38_4 NA  4  NA 7777       943 33.31666667    991       982    105.293
349  la38_4 NA  4  NA 8888       943 33.31666667    992       986    137.920
350  la38_4 NA  4  NA 9999       943 33.31666667    998       981    234.409
351  la38_5 NA  5  NA    0       943 34.61666667    994       990     36.710
352  la38_5 NA  5  NA 1111       943 34.61666667    994       990     57.793
353  la38_5 NA  5  NA 2222       943 34.61666667    994       990     72.689
354  la38_5 NA  5  NA 3333       943 34.61666667    990       990     20.408
355  la38_5 NA  5  NA 4444       943 34.61666667    990       990     17.532
356  la38_5 NA  5  NA 5555       943 34.61666667    990       990      5.380
357  la38_5 NA  5  NA 6666       943 34.61666667    990       990     26.471
358  la38_5 NA  5  NA 7777       943 34.61666667    990       990      7.632
359  la38_5 NA  5  NA 8888       943 34.61666667    994       990     88.383
360  la38_5 NA  5  NA 9999       943 34.61666667    990       990     31.996
361  la38_6 NA  6  NA    0       943 35.65000000    953       945    288.491
362  la38_6 NA  6  NA 1111       943 35.65000000    967       943    286.562
363  la38_6 NA  6  NA 2222       943 35.65000000    958       943     73.113
364  la38_6 NA  6  NA 3333       943 35.65000000    963       944    201.535
365  la38_6 NA  6  NA 4444       943 35.65000000    954       948    110.447
366  la38_6 NA  6  NA 5555       943 35.65000000    965       948    219.646
367  la38_6 NA  6  NA 6666       943 35.65000000    956       949    240.365
368  la38_6 NA  6  NA 7777       943 35.65000000    956       949     90.264
369  la38_6 NA  6  NA 8888       943 35.65000000    979       956     88.608
370  la38_6 NA  6  NA 9999       943 35.65000000    949       949     20.975
371  la38_7 NA  7  NA    0       943 35.16666667    954       943     61.871
372  la38_7 NA  7  NA 1111       943 35.16666667    954       943    123.430
373  la38_7 NA  7  NA 2222       943 35.16666667    943       943     16.198
374  la38_7 NA  7  NA 3333       943 35.16666667    947       943     71.844
375  la38_7 NA  7  NA 4444       943 35.16666667    943       943     32.790
376  la38_7 NA  7  NA 5555       943 35.16666667    943       943     25.927
377  la38_7 NA  7  NA 6666       943 35.16666667    948       943     99.242
378  la38_7 NA  7  NA 7777       943 35.16666667    951       943     96.173
379  la38_7 NA  7  NA 8888       943 35.16666667    948       943     60.796
380  la38_7 NA  7  NA 9999       943 35.16666667    943       943     19.491
381  la38_8 NA  8  NA    0       943 28.16666667    943       943     20.379
382  la38_8 NA  8  NA 1111       943 28.16666667    943       943     11.217
383  la38_8 NA  8  NA 2222       943 28.16666667    943       943      6.606
384  la38_8 NA  8  NA 3333       943 28.16666667    946       943     35.411
385  la38_8 NA  8  NA 4444       943 28.16666667    943       943      9.953
386  la38_8 NA  8  NA 5555       943 28.16666667    943       943      8.604
387  la38_8 NA  8  NA 6666       943 28.16666667    943       943     14.447
388  la38_8 NA  8  NA 7777       943 28.16666667    943       943      2.977
389  la38_8 NA  8  NA 8888       943 28.16666667    943       943     17.563
390  la38_8 NA  8  NA 9999       943 28.16666667    943       943      2.509
391  la38_9 NA  9  NA    0       943 35.38333333    962       943    268.095
392  la38_9 NA  9  NA 1111       943 35.38333333    962       962      5.625
393  la38_9 NA  9  NA 2222       943 35.38333333    962       962      2.445
394  la38_9 NA  9  NA 3333       943 35.38333333    962       946    278.082
395  la38_9 NA  9  NA 4444       943 35.38333333    962       943    227.478
396  la38_9 NA  9  NA 5555       943 35.38333333    962       962      4.607
397  la38_9 NA  9  NA 6666       943 35.38333333    962       943    257.759
398  la38_9 NA  9  NA 7777       943 35.38333333    956       945     83.802
399  la38_9 NA  9  NA 8888       943 35.38333333    962       962      3.083
400  la38_9 NA  9  NA 9999       943 35.38333333    962       962      2.411

