######################################################################
# Supplementary data to
#   Zubaran, Ritt: "An effective heuristic algorithm for the partial shop scheduling problem"
#
# The table contains one entry for each execution of the algorithm.
#
# Contains the extended results for the table in Figure 11. Reports the 320 executions on a total of 320 instances.
#
# The total execution time is 300 seconds.
#
# Columns are as follows
#  1: index
#  2: instance name
#  3: number of open shop jobs(for MSS)
#  4: group size (for GSS instaces by Blum, and Sampels. "An ant colony optimization algorithm for shop scheduling problems." 2004)
#  5: instance replication (for generated instances)
#  6: seed for execution
#  7: best known value (for OSS), lower bound (for others)
#  8: time for comparison (seconds)
#  9: makespan at time of comparison
#  10: makespan at 300 seconds
#  11: Time to best solution
######################################################################
1   mixed_base16 10 NA   0    0      1215    1.080   1215      1215      0.007
2   mixed_base16 10 NA   1    0      1288    1.080   1288      1288      0.007
3   mixed_base16 10 NA  10    0      1303    1.080   1303      1303      0.002
4   mixed_base16 10 NA  11    0      1161    1.080   1161      1161      0.009
5   mixed_base16 10 NA  12    0      1213    1.080   1213      1213      0.012
6   mixed_base16 10 NA  13    0      1264    1.080   1264      1264      0.007
7   mixed_base16 10 NA  14    0      1269    1.080   1269      1269      0.006
8   mixed_base16 10 NA  15    0      1225    1.080   1225      1225      0.005
9   mixed_base16 10 NA  16    0      1161    1.080   1161      1161      0.006
10  mixed_base16 10 NA  17    0      1247    1.080   1247      1247      0.006
11  mixed_base16 10 NA  18    0      1116    1.080   1116      1116      0.003
12  mixed_base16 10 NA  19    0      1130    1.080   1130      1130      0.010
13  mixed_base16 10 NA   2    0      1197    1.080   1197      1197      0.007
14  mixed_base16 10 NA   3    0      1219    1.080   1219      1219      0.005
15  mixed_base16 10 NA   4    0      1126    1.080   1126      1126      0.007
16  mixed_base16 10 NA   5    0      1200    1.080   1200      1200      0.004
17  mixed_base16 10 NA   6    0      1275    1.080   1275      1275      0.003
18  mixed_base16 10 NA   7    0      1257    1.080   1257      1257      0.009
19  mixed_base16 10 NA   8    0      1084    1.080   1084      1084      0.028
20  mixed_base16 10 NA   9    0      1204    1.080   1204      1204      0.008
21  mixed_base16 15 NA   0    0      1523    1.420   1523      1523      0.011
22  mixed_base16 15 NA   1    0      1434    1.420   1434      1434      0.005
23  mixed_base16 15 NA  10    0      1602    1.420   1602      1602      0.007
24  mixed_base16 15 NA  11    0      1426    1.420   1426      1426      0.012
25  mixed_base16 15 NA  12    0      1504    1.420   1504      1504      0.007
26  mixed_base16 15 NA  13    0      1513    1.420   1513      1513      0.004
27  mixed_base16 15 NA  14    0      1431    1.420   1431      1431      0.004
28  mixed_base16 15 NA  15    0      1337    1.420   1337      1337      0.006
29  mixed_base16 15 NA  16    0      1610    1.420   1610      1610      0.007
30  mixed_base16 15 NA  17    0      1433    1.420   1433      1433      0.006
31  mixed_base16 15 NA  18    0      1581    1.420   1581      1581      0.007
32  mixed_base16 15 NA  19    0      1499    1.420   1499      1499      0.004
33  mixed_base16 15 NA   2    0      1436    1.420   1436      1436      0.011
34  mixed_base16 15 NA   3    0      1600    1.420   1600      1600      0.007
35  mixed_base16 15 NA   4    0      1528    1.420   1528      1528      0.009
36  mixed_base16 15 NA   5    0      1329    1.420   1329      1329      0.004
37  mixed_base16 15 NA   6    0      1498    1.420   1498      1498      0.008
38  mixed_base16 15 NA   7    0      1497    1.420   1497      1497      0.008
39  mixed_base16 15 NA   8    0      1372    1.420   1372      1372      0.009
40  mixed_base16 15 NA   9    0      1445    1.420   1445      1445      0.004
41  mixed_base16 20 NA   0    0      1692    2.850   1692      1692      0.007
42  mixed_base16 20 NA   1    0      1851    2.850   1851      1851      0.010
43  mixed_base16 20 NA  10    0      1847    2.850   1847      1847      0.006
44  mixed_base16 20 NA  11    0      1787    2.850   1787      1787      0.010
45  mixed_base16 20 NA  12    0      1688    2.850   1688      1688      0.010
46  mixed_base16 20 NA  13    0      1789    2.850   1789      1789      0.006
47  mixed_base16 20 NA  14    0      1810    2.850   1810      1810      0.012
48  mixed_base16 20 NA  15    0      1741    2.850   1741      1741      0.006
49  mixed_base16 20 NA  16    0      1882    2.850   1882      1882      0.006
50  mixed_base16 20 NA  17    0      1756    2.850   1756      1756      0.006
51  mixed_base16 20 NA  18    0      1977    2.850   1977      1977      0.006
52  mixed_base16 20 NA  19    0      1672    2.850   1672      1672      0.006
53  mixed_base16 20 NA   2    0      1688    2.850   1688      1688      0.005
54  mixed_base16 20 NA   3    0      1781    2.850   1781      1781      0.009
55  mixed_base16 20 NA   4    0      1689    2.850   1689      1689      0.006
56  mixed_base16 20 NA   5    0      1894    2.850   1894      1894      0.006
57  mixed_base16 20 NA   6    0      1896    2.850   1896      1896      0.009
58  mixed_base16 20 NA   7    0      1638    2.850   1638      1638      0.007
59  mixed_base16 20 NA   8    0      1778    2.850   1778      1778      0.006
60  mixed_base16 20 NA   9    0      1650    2.850   1650      1650      0.006
61  mixed_base16  5 NA   0    0       937    2.110    953       949    221.116
62  mixed_base16  5 NA   1    0       934    2.110    972       959     49.399
63  mixed_base16  5 NA  10    0       908    2.110    957       945     25.870
64  mixed_base16  5 NA  11    0       904    2.110    955       945      8.908
65  mixed_base16  5 NA  12    0       867    2.110    946       945    169.352
66  mixed_base16  5 NA  13    0       932    2.110    947       945     19.686
67  mixed_base16  5 NA  14    0       976    2.110    976       976      0.645
68  mixed_base16  5 NA  15    0       941    2.110    979       954    215.641
69  mixed_base16  5 NA  16    0       966    2.110    971       966     20.741
70  mixed_base16  5 NA  17    0       988    2.110    988       988      0.205
71  mixed_base16  5 NA  18    0       942    2.110    979       959      9.340
72  mixed_base16  5 NA  19    0       985    2.110    985       985      1.664
73  mixed_base16  5 NA   2    0       930    2.110    982       957     70.952
74  mixed_base16  5 NA   3    0       915    2.110    954       945     14.508
75  mixed_base16  5 NA   4    0       970    2.110    970       970      0.940
76  mixed_base16  5 NA   5    0       940    2.110    965       950    203.967
77  mixed_base16  5 NA   6    0       871    2.110    946       945      5.541
78  mixed_base16  5 NA   7    0       982    2.110    982       982      0.320
79  mixed_base16  5 NA   8    0       884    2.110    968       945     44.245
80  mixed_base16  5 NA   9    0       957    2.110    975       961     54.437
81  mixed_base24 10 NA   0    0      1521    1.380   1521      1521      0.004
82  mixed_base24 10 NA   1    0      1422    1.380   1422      1422      0.017
83  mixed_base24 10 NA  10    0      1421    1.380   1421      1421      0.012
84  mixed_base24 10 NA  11    0      1462    1.380   1462      1462      0.010
85  mixed_base24 10 NA  12    0      1480    1.380   1480      1480      0.011
86  mixed_base24 10 NA  13    0      1350    1.380   1350      1350      0.024
87  mixed_base24 10 NA  14    0      1439    1.380   1439      1439      0.025
88  mixed_base24 10 NA  15    0      1468    1.380   1468      1468      0.016
89  mixed_base24 10 NA  16    0      1414    1.380   1414      1414      0.008
90  mixed_base24 10 NA  17    0      1487    1.380   1487      1487      0.005
91  mixed_base24 10 NA  18    0      1452    1.380   1452      1452      0.005
92  mixed_base24 10 NA  19    0      1423    1.380   1423      1423      0.007
93  mixed_base24 10 NA   2    0      1490    1.380   1490      1490      0.005
94  mixed_base24 10 NA   3    0      1482    1.380   1482      1482      0.012
95  mixed_base24 10 NA   4    0      1475    1.380   1475      1475      0.005
96  mixed_base24 10 NA   5    0      1520    1.380   1520      1520      0.010
97  mixed_base24 10 NA   6    0      1503    1.380   1503      1503      0.015
98  mixed_base24 10 NA   7    0      1437    1.380   1437      1437      0.018
99  mixed_base24 10 NA   8    0      1426    1.380   1426      1426      0.008
100 mixed_base24 10 NA   9    0      1459    1.380   1459      1459      0.018
101 mixed_base24 15 NA   0    0      1854    2.470   1854      1854      0.014
102 mixed_base24 15 NA   1    0      1645    2.470   1645      1645      0.016
103 mixed_base24 15 NA  10    0      1669    2.470   1669      1669      0.008
104 mixed_base24 15 NA  11    0      1685    2.470   1685      1685      0.007
105 mixed_base24 15 NA  12    0      1822    2.470   1822      1822      0.007
106 mixed_base24 15 NA  13    0      1674    2.470   1674      1674      0.014
107 mixed_base24 15 NA  14    0      1705    2.470   1705      1705      0.022
108 mixed_base24 15 NA  15    0      1660    2.470   1660      1660      0.013
109 mixed_base24 15 NA  16    0      1752    2.470   1752      1752      0.006
110 mixed_base24 15 NA  17    0      1697    2.470   1697      1697      0.015
111 mixed_base24 15 NA  18    0      1627    2.470   1627      1627      0.008
112 mixed_base24 15 NA  19    0      1651    2.470   1651      1651      0.013
113 mixed_base24 15 NA   2    0      1799    2.470   1799      1799      0.007
114 mixed_base24 15 NA   3    0      1676    2.470   1676      1676      0.010
115 mixed_base24 15 NA   4    0      1685    2.470   1685      1685      0.009
116 mixed_base24 15 NA   5    0      1604    2.470   1604      1604      0.013
117 mixed_base24 15 NA   6    0      1720    2.470   1720      1720      0.013
118 mixed_base24 15 NA   7    0      1651    2.470   1651      1651      0.011
119 mixed_base24 15 NA   8    0      1816    2.470   1816      1816      0.009
120 mixed_base24 15 NA   9    0      1672    2.470   1672      1672      0.009
121 mixed_base24 20 NA   0    0      1894    4.055   1894      1894      0.014
122 mixed_base24 20 NA   1    0      1972    4.055   1972      1972      0.016
123 mixed_base24 20 NA  10    0      2006    4.055   2006      2006      0.013
124 mixed_base24 20 NA  11    0      1992    4.055   1992      1992      0.008
125 mixed_base24 20 NA  12    0      1951    4.055   1951      1951      0.012
126 mixed_base24 20 NA  13    0      2096    4.055   2096      2096      0.015
127 mixed_base24 20 NA  14    0      1988    4.055   1988      1988      0.010
128 mixed_base24 20 NA  15    0      1941    4.055   1941      1941      0.012
129 mixed_base24 20 NA  16    0      2233    4.055   2233      2233      0.013
130 mixed_base24 20 NA  17    0      1902    4.055   1902      1902      0.012
131 mixed_base24 20 NA  18    0      1870    4.055   1870      1870      0.009
132 mixed_base24 20 NA  19    0      1984    4.055   1984      1984      0.016
133 mixed_base24 20 NA   2    0      1941    4.055   1941      1941      0.014
134 mixed_base24 20 NA   3    0      1897    4.055   1897      1897      0.008
135 mixed_base24 20 NA   4    0      2026    4.055   2026      2026      0.018
136 mixed_base24 20 NA   5    0      1945    4.055   1945      1945      0.014
137 mixed_base24 20 NA   6    0      1933    4.055   1933      1933      0.010
138 mixed_base24 20 NA   7    0      2035    4.055   2035      2035      0.014
139 mixed_base24 20 NA   8    0      1984    4.055   1984      1984      0.012
140 mixed_base24 20 NA   9    0      1961    4.055   1961      1961      0.012
141 mixed_base24  5 NA   0    0      1128    1.440   1128      1128      0.038
142 mixed_base24  5 NA   1    0      1143    1.440   1143      1143      0.015
143 mixed_base24  5 NA  10    0      1147    1.440   1147      1147      0.005
144 mixed_base24  5 NA  11    0      1182    1.440   1182      1182      0.024
145 mixed_base24  5 NA  12    0      1082    1.440   1082      1082      0.105
146 mixed_base24  5 NA  13    0      1171    1.440   1171      1171      0.007
147 mixed_base24  5 NA  14    0      1136    1.440   1136      1136      0.012
148 mixed_base24  5 NA  15    0      1130    1.440   1130      1130      0.009
149 mixed_base24  5 NA  16    0      1069    1.440   1069      1069      0.617
150 mixed_base24  5 NA  17    0      1285    1.440   1285      1285      0.003
151 mixed_base24  5 NA  18    0      1160    1.440   1160      1160      0.016
152 mixed_base24  5 NA  19    0      1187    1.440   1187      1187      0.007
153 mixed_base24  5 NA   2    0      1160    1.440   1160      1160      0.027
154 mixed_base24  5 NA   3    0      1161    1.440   1161      1161      0.020
155 mixed_base24  5 NA   4    0      1059    1.440   1059      1059      0.278
156 mixed_base24  5 NA   5    0      1187    1.440   1187      1187      0.012
157 mixed_base24  5 NA   6    0      1147    1.440   1147      1147      0.006
158 mixed_base24  5 NA   7    0      1161    1.440   1161      1161      0.009
159 mixed_base24  5 NA   8    0      1150    1.440   1150      1150      0.018
160 mixed_base24  5 NA   9    0      1129    1.440   1129      1129      0.579
161 mixed_base29 10 NA   0    0      1637    2.460   1637      1637      0.014
162 mixed_base29 10 NA   1    0      1633    2.460   1633      1633      0.013
163 mixed_base29 10 NA  10    0      1649    2.460   1649      1649      0.012
164 mixed_base29 10 NA  11    0      1656    2.460   1656      1656      0.017
165 mixed_base29 10 NA  12    0      1685    2.460   1685      1685      0.023
166 mixed_base29 10 NA  13    0      1707    2.460   1707      1707      0.012
167 mixed_base29 10 NA  14    0      1686    2.460   1686      1686      0.015
168 mixed_base29 10 NA  15    0      1686    2.460   1686      1686      0.013
169 mixed_base29 10 NA  16    0      1597    2.460   1597      1597      0.037
170 mixed_base29 10 NA  17    0      1639    2.460   1639      1639      0.014
171 mixed_base29 10 NA  18    0      1650    2.460   1650      1650      0.033
172 mixed_base29 10 NA  19    0      1659    2.460   1659      1659      0.024
173 mixed_base29 10 NA   2    0      1586    2.460   1586      1586      0.027
174 mixed_base29 10 NA   3    0      1592    2.460   1592      1592      0.015
175 mixed_base29 10 NA   4    0      1782    2.460   1782      1782      0.006
176 mixed_base29 10 NA   5    0      1572    2.460   1572      1572      0.015
177 mixed_base29 10 NA   6    0      1667    2.460   1667      1667      0.013
178 mixed_base29 10 NA   7    0      1550    2.460   1550      1550      0.013
179 mixed_base29 10 NA   8    0      1692    2.460   1692      1692      0.029
180 mixed_base29 10 NA   9    0      1680    2.460   1680      1680      0.006
181 mixed_base29 15 NA   0    0      1926    3.390   1926      1926      0.015
182 mixed_base29 15 NA   1    0      1860    3.390   1860      1860      0.039
183 mixed_base29 15 NA  10    0      1939    3.390   1939      1939      0.013
184 mixed_base29 15 NA  11    0      1937    3.390   1937      1937      0.015
185 mixed_base29 15 NA  12    0      1941    3.390   1941      1941      0.020
186 mixed_base29 15 NA  13    0      1939    3.390   1939      1939      0.013
187 mixed_base29 15 NA  14    0      1854    3.390   1854      1854      0.026
188 mixed_base29 15 NA  15    0      2152    3.390   2152      2152      0.014
189 mixed_base29 15 NA  16    0      2051    3.390   2051      2051      0.013
190 mixed_base29 15 NA  17    0      1853    3.390   1853      1853      0.020
191 mixed_base29 15 NA  18    0      1958    3.390   1958      1958      0.015
192 mixed_base29 15 NA  19    0      1984    3.390   1984      1984      0.014
193 mixed_base29 15 NA   2    0      1918    3.390   1918      1918      0.012
194 mixed_base29 15 NA   3    0      1931    3.390   1931      1931      0.030
195 mixed_base29 15 NA   4    0      1935    3.390   1935      1935      0.016
196 mixed_base29 15 NA   5    0      1947    3.390   1947      1947      0.013
197 mixed_base29 15 NA   6    0      1944    3.390   1944      1944      0.009
198 mixed_base29 15 NA   7    0      1906    3.390   1906      1906      0.022
199 mixed_base29 15 NA   8    0      1858    3.390   1858      1858      0.025
200 mixed_base29 15 NA   9    0      1923    3.390   1923      1923      0.015
201 mixed_base29 20 NA   0    0      2380    4.520   2380      2380      0.019
202 mixed_base29 20 NA   1    0      2272    4.520   2272      2272      0.025
203 mixed_base29 20 NA  10    0      2317    4.520   2317      2317      0.012
204 mixed_base29 20 NA  11    0      2228    4.520   2228      2228      0.014
205 mixed_base29 20 NA  12    0      2275    4.520   2275      2275      0.012
206 mixed_base29 20 NA  13    0      2188    4.520   2188      2188      0.029
207 mixed_base29 20 NA  14    0      2367    4.520   2367      2367      0.017
208 mixed_base29 20 NA  15    0      2155    4.520   2155      2155      0.013
209 mixed_base29 20 NA  16    0      2231    4.520   2231      2231      0.012
210 mixed_base29 20 NA  17    0      2211    4.520   2211      2211      0.016
211 mixed_base29 20 NA  18    0      2247    4.520   2247      2247      0.016
212 mixed_base29 20 NA  19    0      2198    4.520   2198      2198      0.026
213 mixed_base29 20 NA   2    0      2198    4.520   2198      2198      0.016
214 mixed_base29 20 NA   3    0      2288    4.520   2288      2288      0.012
215 mixed_base29 20 NA   4    0      2306    4.520   2306      2306      0.012
216 mixed_base29 20 NA   5    0      2183    4.520   2183      2183      0.010
217 mixed_base29 20 NA   6    0      2116    4.520   2116      2116      0.021
218 mixed_base29 20 NA   7    0      2145    4.520   2145      2145      0.017
219 mixed_base29 20 NA   8    0      2133    4.520   2133      2133      0.024
220 mixed_base29 20 NA   9    0      2234    4.520   2234      2234      0.012
221 mixed_base29  5 NA   0    0      1429    1.040   1429      1429      0.027
222 mixed_base29  5 NA   1    0      1495    1.040   1495      1495      0.008
223 mixed_base29  5 NA  10    0      1392    1.040   1392      1392      0.017
224 mixed_base29  5 NA  11    0      1426    1.040   1426      1426      0.028
225 mixed_base29  5 NA  12    0      1371    1.040   1371      1371      0.029
226 mixed_base29  5 NA  13    0      1341    1.040   1341      1341      0.033
227 mixed_base29  5 NA  14    0      1400    1.040   1400      1400      0.019
228 mixed_base29  5 NA  15    0      1386    1.040   1386      1386      0.030
229 mixed_base29  5 NA  16    0      1436    1.040   1436      1436      0.010
230 mixed_base29  5 NA  17    0      1473    1.040   1473      1473      0.009
231 mixed_base29  5 NA  18    0      1419    1.040   1419      1419      0.011
232 mixed_base29  5 NA  19    0      1342    1.040   1342      1342      0.112
233 mixed_base29  5 NA   2    0      1340    1.040   1340      1340      0.058
234 mixed_base29  5 NA   3    0      1390    1.040   1390      1390      0.028
235 mixed_base29  5 NA   4    0      1322    1.040   1322      1322      0.108
236 mixed_base29  5 NA   5    0      1319    1.040   1319      1319      0.060
237 mixed_base29  5 NA   6    0      1334    1.040   1334      1334      0.022
238 mixed_base29  5 NA   7    0      1375    1.040   1375      1375      0.023
239 mixed_base29  5 NA   8    0      1367    1.040   1367      1367      0.080
240 mixed_base29  5 NA   9    0      1370    1.040   1370      1370      0.014
241 mixed_base36 10 NA   0    0      1408    4.710   1408      1408      3.050
242 mixed_base36 10 NA   1    0      1490    4.710   1490      1490      0.058
243 mixed_base36 10 NA  10    0      1395    4.710   1395      1395      0.943
244 mixed_base36 10 NA  11    0      1727    4.710   1727      1727      0.027
245 mixed_base36 10 NA  12    0      1595    4.710   1595      1595      0.049
246 mixed_base36 10 NA  13    0      1459    4.710   1459      1459      0.086
247 mixed_base36 10 NA  14    0      1507    4.710   1507      1507      0.042
248 mixed_base36 10 NA  15    0      1531    4.710   1531      1531      0.032
249 mixed_base36 10 NA  16    0      1525    4.710   1525      1525      0.017
250 mixed_base36 10 NA  17    0      1615    4.710   1615      1615      0.027
251 mixed_base36 10 NA  18    0      1540    4.710   1540      1540      0.046
252 mixed_base36 10 NA  19    0      1569    4.710   1569      1569      0.061
253 mixed_base36 10 NA   2    0      1537    4.710   1537      1537      0.055
254 mixed_base36 10 NA   3    0      1532    4.710   1532      1532      0.032
255 mixed_base36 10 NA   4    0      1680    4.710   1680      1680      0.025
256 mixed_base36 10 NA   5    0      1548    4.710   1548      1548      0.088
257 mixed_base36 10 NA   6    0      1593    4.710   1593      1593      0.037
258 mixed_base36 10 NA   7    0      1612    4.710   1612      1612      0.017
259 mixed_base36 10 NA   8    0      1471    4.710   1471      1471      0.056
260 mixed_base36 10 NA   9    0      1717    4.710   1717      1717      0.011
261 mixed_base36 15 NA   0    0      1721   16.425   1721      1721      0.060
262 mixed_base36 15 NA   1    0      1750   16.425   1750      1750      0.045
263 mixed_base36 15 NA  10    0      1697   16.425   1697      1697      0.042
264 mixed_base36 15 NA  11    0      1820   16.425   1820      1820      0.020
265 mixed_base36 15 NA  12    0      1810   16.425   1810      1810      0.029
266 mixed_base36 15 NA  13    0      1679   16.425   1679      1679      0.090
267 mixed_base36 15 NA  14    0      1759   16.425   1759      1759      0.033
268 mixed_base36 15 NA  15    0      1886   16.425   1886      1886      0.044
269 mixed_base36 15 NA  16    0      1819   16.425   1819      1819      0.031
270 mixed_base36 15 NA  17    0      1716   16.425   1716      1716      0.029
271 mixed_base36 15 NA  18    0      1753   16.425   1753      1753      0.065
272 mixed_base36 15 NA  19    0      1944   16.425   1944      1944      0.027
273 mixed_base36 15 NA   2    0      1766   16.425   1766      1766      0.041
274 mixed_base36 15 NA   3    0      1901   16.425   1901      1901      0.031
275 mixed_base36 15 NA   4    0      1777   16.425   1777      1777      0.026
276 mixed_base36 15 NA   5    0      1758   16.425   1758      1758      0.030
277 mixed_base36 15 NA   6    0      1798   16.425   1798      1798      0.043
278 mixed_base36 15 NA   7    0      1794   16.425   1794      1794      0.022
279 mixed_base36 15 NA   8    0      1789   16.425   1789      1789      0.065
280 mixed_base36 15 NA   9    0      1767   16.425   1767      1767      0.028
281 mixed_base36 20 NA   0    0      1915   24.005   1915      1915      0.031
282 mixed_base36 20 NA   1    0      2100   24.005   2100      2100      0.025
283 mixed_base36 20 NA  10    0      1972   24.005   1972      1972      0.025
284 mixed_base36 20 NA  11    0      2058   24.005   2058      2058      0.028
285 mixed_base36 20 NA  12    0      2407   24.005   2407      2407      0.046
286 mixed_base36 20 NA  13    0      2079   24.005   2079      2079      0.028
287 mixed_base36 20 NA  14    0      2020   24.005   2020      2020      0.076
288 mixed_base36 20 NA  15    0      2183   24.005   2183      2183      0.054
289 mixed_base36 20 NA  16    0      2216   24.005   2216      2216      0.025
290 mixed_base36 20 NA  17    0      2034   24.005   2034      2034      0.036
291 mixed_base36 20 NA  18    0      2053   24.005   2053      2053      0.019
292 mixed_base36 20 NA  19    0      2124   24.005   2124      2124      0.034
293 mixed_base36 20 NA   2    0      2077   24.005   2077      2077      0.037
294 mixed_base36 20 NA   3    0      2225   24.005   2225      2225      0.030
295 mixed_base36 20 NA   4    0      2186   24.005   2186      2186      0.059
296 mixed_base36 20 NA   5    0      2126   24.005   2126      2126      0.054
297 mixed_base36 20 NA   6    0      2298   24.005   2298      2298      0.033
298 mixed_base36 20 NA   7    0      1944   24.005   1944      1944      0.051
299 mixed_base36 20 NA   8    0      1945   24.005   1945      1945      0.019
300 mixed_base36 20 NA   9    0      2025   24.005   2025      2025      0.019
301 mixed_base36  5 NA   0    0      1246   18.775   1291      1291      3.975
302 mixed_base36  5 NA   1    0      1312   18.775   1312      1312      0.074
303 mixed_base36  5 NA  10    0      1285   18.775   1285      1285      8.716
304 mixed_base36  5 NA  11    0      1299   18.775   1299      1299      1.535
305 mixed_base36  5 NA  12    0      1231   18.775   1286      1274     79.581
306 mixed_base36  5 NA  13    0      1275   18.775   1278      1278      4.599
307 mixed_base36  5 NA  14    0      1308   18.775   1308      1308      0.982
308 mixed_base36  5 NA  15    0      1277   18.775   1284      1281     26.964
309 mixed_base36  5 NA  16    0      1287   18.775   1291      1287     40.054
310 mixed_base36  5 NA  17    0      1236   18.775   1291      1279    195.860
311 mixed_base36  5 NA  18    0      1199   18.775   1300      1278    109.307
312 mixed_base36  5 NA  19    0      1222   18.775   1279      1269    243.073
313 mixed_base36  5 NA   2    0      1276   18.775   1288      1278     26.072
314 mixed_base36  5 NA   3    0      1359   18.775   1359      1359      0.069
315 mixed_base36  5 NA   4    0      1372   18.775   1372      1372      0.034
316 mixed_base36  5 NA   5    0      1307   18.775   1307      1307      0.178
317 mixed_base36  5 NA   6    0      1308   18.775   1308      1308      0.081
318 mixed_base36  5 NA   7    0      1242   18.775   1303      1278    268.186
319 mixed_base36  5 NA   8    0      1305   18.775   1305      1305      0.271
320 mixed_base36  5 NA   9    0      1298   18.775   1298      1298      5.423

