######################################################################
# Supplementary data to
#   Zubaran, Ritt: "An effective heuristic algorithm for the partial shop scheduling problem"
#
# The table contains one entry for each execution of the algorithm.
#
# Contains the extended results for the table in Figure 11. Reports the 320 executions on a total of 320 instances.
#
# The total execution time is 300 seconds.
#
# Columns are as follows
#  1: index
#  2: instance name
#  3: number of open shop jobs(for MSS)
#  4: group size (for GSS instaces by Blum, and Sampels. "An ant colony optimization algorithm for shop scheduling problems." 2004)
#  5: instance replication (for generated instances)
#  6: seed for execution
#  7: best known value (for OSS), lower bound (for others)
#  8: time for comparison (seconds)
#  9: makespan at time of comparison
#  10: makespan at 300 seconds
#  11: Time to best solution
######################################################################
1   gp03-01Osp NA NA  NA    0      1168  15.00000   1168      1168      0.000
2   gp03-01Osp NA NA  NA 1111      1168  15.00000   1168      1168      0.000
3   gp03-01Osp NA NA  NA 2222      1168  15.00000   1168      1168      0.000
4   gp03-01Osp NA NA  NA 3333      1168  15.00000   1168      1168      0.000
5   gp03-01Osp NA NA  NA 4444      1168  15.00000   1168      1168      0.000
6   gp03-01Osp NA NA  NA 5555      1168  15.00000   1168      1168      0.000
7   gp03-01Osp NA NA  NA 6666      1168  15.00000   1168      1168      0.000
8   gp03-01Osp NA NA  NA 7777      1168  15.00000   1168      1168      0.000
9   gp03-01Osp NA NA  NA 8888      1168  15.00000   1168      1168      0.000
10  gp03-01Osp NA NA  NA 9999      1168  15.00000   1168      1168      0.000
11  gp03-02Osp NA NA  NA    0      1170  15.00000   1170      1170      0.000
12  gp03-02Osp NA NA  NA 1111      1170  15.00000   1170      1170      0.000
13  gp03-02Osp NA NA  NA 2222      1170  15.00000   1170      1170      0.000
14  gp03-02Osp NA NA  NA 3333      1170  15.00000   1170      1170      0.000
15  gp03-02Osp NA NA  NA 4444      1170  15.00000   1170      1170      0.000
16  gp03-02Osp NA NA  NA 5555      1170  15.00000   1170      1170      0.000
17  gp03-02Osp NA NA  NA 6666      1170  15.00000   1170      1170      0.000
18  gp03-02Osp NA NA  NA 7777      1170  15.00000   1170      1170      0.000
19  gp03-02Osp NA NA  NA 8888      1170  15.00000   1170      1170      0.000
20  gp03-02Osp NA NA  NA 9999      1170  15.00000   1170      1170      0.000
21  gp03-03Osp NA NA  NA    0      1168  15.00000   1168      1168      0.000
22  gp03-03Osp NA NA  NA 1111      1168  15.00000   1168      1168      0.000
23  gp03-03Osp NA NA  NA 2222      1168  15.00000   1168      1168      0.000
24  gp03-03Osp NA NA  NA 3333      1168  15.00000   1168      1168      0.000
25  gp03-03Osp NA NA  NA 4444      1168  15.00000   1168      1168      0.000
26  gp03-03Osp NA NA  NA 5555      1168  15.00000   1168      1168      0.000
27  gp03-03Osp NA NA  NA 6666      1168  15.00000   1168      1168      0.000
28  gp03-03Osp NA NA  NA 7777      1168  15.00000   1168      1168      0.000
29  gp03-03Osp NA NA  NA 8888      1168  15.00000   1168      1168      0.000
30  gp03-03Osp NA NA  NA 9999      1168  15.00000   1168      1168      0.000
31  gp03-04Osp NA NA  NA    0      1166  15.00000   1166      1166      0.000
32  gp03-04Osp NA NA  NA 1111      1166  15.00000   1166      1166      0.000
33  gp03-04Osp NA NA  NA 2222      1166  15.00000   1166      1166      0.000
34  gp03-04Osp NA NA  NA 3333      1166  15.00000   1166      1166      0.000
35  gp03-04Osp NA NA  NA 4444      1166  15.00000   1166      1166      0.000
36  gp03-04Osp NA NA  NA 5555      1166  15.00000   1166      1166      0.000
37  gp03-04Osp NA NA  NA 6666      1166  15.00000   1166      1166      0.000
38  gp03-04Osp NA NA  NA 7777      1166  15.00000   1166      1166      0.000
39  gp03-04Osp NA NA  NA 8888      1166  15.00000   1166      1166      0.000
40  gp03-04Osp NA NA  NA 9999      1166  15.00000   1166      1166      0.000
41  gp03-05Osp NA NA  NA    0      1170  15.00000   1170      1170      0.000
42  gp03-05Osp NA NA  NA 1111      1170  15.00000   1170      1170      0.000
43  gp03-05Osp NA NA  NA 2222      1170  15.00000   1170      1170      0.000
44  gp03-05Osp NA NA  NA 3333      1170  15.00000   1170      1170      0.000
45  gp03-05Osp NA NA  NA 4444      1170  15.00000   1170      1170      0.000
46  gp03-05Osp NA NA  NA 5555      1170  15.00000   1170      1170      0.000
47  gp03-05Osp NA NA  NA 6666      1170  15.00000   1170      1170      0.000
48  gp03-05Osp NA NA  NA 7777      1170  15.00000   1170      1170      0.000
49  gp03-05Osp NA NA  NA 8888      1170  15.00000   1170      1170      0.000
50  gp03-05Osp NA NA  NA 9999      1170  15.00000   1170      1170      0.000
51  gp03-06Osp NA NA  NA    0      1169  15.00000   1169      1169      0.000
52  gp03-06Osp NA NA  NA 1111      1169  15.00000   1169      1169      0.000
53  gp03-06Osp NA NA  NA 2222      1169  15.00000   1169      1169      0.000
54  gp03-06Osp NA NA  NA 3333      1169  15.00000   1169      1169      0.000
55  gp03-06Osp NA NA  NA 4444      1169  15.00000   1169      1169      0.000
56  gp03-06Osp NA NA  NA 5555      1169  15.00000   1169      1169      0.000
57  gp03-06Osp NA NA  NA 6666      1169  15.00000   1169      1169      0.000
58  gp03-06Osp NA NA  NA 7777      1169  15.00000   1169      1169      0.000
59  gp03-06Osp NA NA  NA 8888      1169  15.00000   1169      1169      0.000
60  gp03-06Osp NA NA  NA 9999      1169  15.00000   1169      1169      0.000
61  gp03-07Osp NA NA  NA    0      1165  15.00000   1165      1165      0.000
62  gp03-07Osp NA NA  NA 1111      1165  15.00000   1165      1165      0.000
63  gp03-07Osp NA NA  NA 2222      1165  15.00000   1165      1165      0.000
64  gp03-07Osp NA NA  NA 3333      1165  15.00000   1165      1165      0.000
65  gp03-07Osp NA NA  NA 4444      1165  15.00000   1165      1165      0.000
66  gp03-07Osp NA NA  NA 5555      1165  15.00000   1165      1165      0.000
67  gp03-07Osp NA NA  NA 6666      1165  15.00000   1165      1165      0.000
68  gp03-07Osp NA NA  NA 7777      1165  15.00000   1165      1165      0.000
69  gp03-07Osp NA NA  NA 8888      1165  15.00000   1165      1165      0.000
70  gp03-07Osp NA NA  NA 9999      1165  15.00000   1165      1165      0.000
71  gp03-08Osp NA NA  NA    0      1167  15.00000   1167      1167      0.000
72  gp03-08Osp NA NA  NA 1111      1167  15.00000   1167      1167      0.000
73  gp03-08Osp NA NA  NA 2222      1167  15.00000   1167      1167      0.000
74  gp03-08Osp NA NA  NA 3333      1167  15.00000   1167      1167      0.000
75  gp03-08Osp NA NA  NA 4444      1167  15.00000   1167      1167      0.000
76  gp03-08Osp NA NA  NA 5555      1167  15.00000   1167      1167      0.000
77  gp03-08Osp NA NA  NA 6666      1167  15.00000   1167      1167      0.000
78  gp03-08Osp NA NA  NA 7777      1167  15.00000   1167      1167      0.000
79  gp03-08Osp NA NA  NA 8888      1167  15.00000   1167      1167      0.000
80  gp03-08Osp NA NA  NA 9999      1167  15.00000   1167      1167      0.000
81  gp03-09Osp NA NA  NA    0      1162  15.00000   1162      1162      0.000
82  gp03-09Osp NA NA  NA 1111      1162  15.00000   1162      1162      0.000
83  gp03-09Osp NA NA  NA 2222      1162  15.00000   1162      1162      0.000
84  gp03-09Osp NA NA  NA 3333      1162  15.00000   1162      1162      0.000
85  gp03-09Osp NA NA  NA 4444      1162  15.00000   1162      1162      0.000
86  gp03-09Osp NA NA  NA 5555      1162  15.00000   1162      1162      0.000
87  gp03-09Osp NA NA  NA 6666      1162  15.00000   1162      1162      0.000
88  gp03-09Osp NA NA  NA 7777      1162  15.00000   1162      1162      0.000
89  gp03-09Osp NA NA  NA 8888      1162  15.00000   1162      1162      0.000
90  gp03-09Osp NA NA  NA 9999      1162  15.00000   1162      1162      0.000
91  gp03-10Osp NA NA  NA    0      1165  15.00000   1165      1165      0.000
92  gp03-10Osp NA NA  NA 1111      1165  15.00000   1165      1165      0.000
93  gp03-10Osp NA NA  NA 2222      1165  15.00000   1165      1165      0.000
94  gp03-10Osp NA NA  NA 3333      1165  15.00000   1165      1165      0.000
95  gp03-10Osp NA NA  NA 4444      1165  15.00000   1165      1165      0.000
96  gp03-10Osp NA NA  NA 5555      1165  15.00000   1165      1165      0.000
97  gp03-10Osp NA NA  NA 6666      1165  15.00000   1165      1165      0.000
98  gp03-10Osp NA NA  NA 7777      1165  15.00000   1165      1165      0.000
99  gp03-10Osp NA NA  NA 8888      1165  15.00000   1165      1165      0.000
100 gp03-10Osp NA NA  NA 9999      1165  15.00000   1165      1165      0.000
101 gp04-01Osp NA NA  NA    0      1281  26.66667   1281      1281      0.000
102 gp04-01Osp NA NA  NA 1111      1281  26.66667   1281      1281      0.000
103 gp04-01Osp NA NA  NA 2222      1281  26.66667   1281      1281      0.000
104 gp04-01Osp NA NA  NA 3333      1281  26.66667   1281      1281      0.000
105 gp04-01Osp NA NA  NA 4444      1281  26.66667   1281      1281      0.000
106 gp04-01Osp NA NA  NA 5555      1281  26.66667   1281      1281      0.000
107 gp04-01Osp NA NA  NA 6666      1281  26.66667   1281      1281      0.000
108 gp04-01Osp NA NA  NA 7777      1281  26.66667   1281      1281      0.000
109 gp04-01Osp NA NA  NA 8888      1281  26.66667   1281      1281      0.000
110 gp04-01Osp NA NA  NA 9999      1281  26.66667   1281      1281      0.000
111 gp04-02Osp NA NA  NA    0      1270  26.66667   1270      1270      0.001
112 gp04-02Osp NA NA  NA 1111      1270  26.66667   1270      1270      0.001
113 gp04-02Osp NA NA  NA 2222      1270  26.66667   1270      1270      0.001
114 gp04-02Osp NA NA  NA 3333      1270  26.66667   1270      1270      0.001
115 gp04-02Osp NA NA  NA 4444      1270  26.66667   1270      1270      0.001
116 gp04-02Osp NA NA  NA 5555      1270  26.66667   1270      1270      0.001
117 gp04-02Osp NA NA  NA 6666      1270  26.66667   1270      1270      0.001
118 gp04-02Osp NA NA  NA 7777      1270  26.66667   1270      1270      0.001
119 gp04-02Osp NA NA  NA 8888      1270  26.66667   1270      1270      0.001
120 gp04-02Osp NA NA  NA 9999      1270  26.66667   1270      1270      0.001
121 gp04-03Osp NA NA  NA    0      1288  26.66667   1288      1288      0.000
122 gp04-03Osp NA NA  NA 1111      1288  26.66667   1288      1288      0.000
123 gp04-03Osp NA NA  NA 2222      1288  26.66667   1288      1288      0.000
124 gp04-03Osp NA NA  NA 3333      1288  26.66667   1288      1288      0.000
125 gp04-03Osp NA NA  NA 4444      1288  26.66667   1288      1288      0.000
126 gp04-03Osp NA NA  NA 5555      1288  26.66667   1288      1288      0.000
127 gp04-03Osp NA NA  NA 6666      1288  26.66667   1288      1288      0.000
128 gp04-03Osp NA NA  NA 7777      1288  26.66667   1288      1288      0.000
129 gp04-03Osp NA NA  NA 8888      1288  26.66667   1288      1288      0.000
130 gp04-03Osp NA NA  NA 9999      1288  26.66667   1288      1288      0.000
131 gp04-04Osp NA NA  NA    0      1261  26.66667   1261      1261      0.000
132 gp04-04Osp NA NA  NA 1111      1261  26.66667   1261      1261      0.000
133 gp04-04Osp NA NA  NA 2222      1261  26.66667   1261      1261      0.000
134 gp04-04Osp NA NA  NA 3333      1261  26.66667   1261      1261      0.000
135 gp04-04Osp NA NA  NA 4444      1261  26.66667   1261      1261      0.000
136 gp04-04Osp NA NA  NA 5555      1261  26.66667   1261      1261      0.000
137 gp04-04Osp NA NA  NA 6666      1261  26.66667   1261      1261      0.000
138 gp04-04Osp NA NA  NA 7777      1261  26.66667   1261      1261      0.000
139 gp04-04Osp NA NA  NA 8888      1261  26.66667   1261      1261      0.000
140 gp04-04Osp NA NA  NA 9999      1261  26.66667   1261      1261      0.000
141 gp04-05Osp NA NA  NA    0      1289  26.66667   1289      1289      0.001
142 gp04-05Osp NA NA  NA 1111      1289  26.66667   1289      1289      0.002
143 gp04-05Osp NA NA  NA 2222      1289  26.66667   1289      1289      0.001
144 gp04-05Osp NA NA  NA 3333      1289  26.66667   1289      1289      0.001
145 gp04-05Osp NA NA  NA 4444      1289  26.66667   1289      1289      0.001
146 gp04-05Osp NA NA  NA 5555      1289  26.66667   1289      1289      0.001
147 gp04-05Osp NA NA  NA 6666      1289  26.66667   1289      1289      0.001
148 gp04-05Osp NA NA  NA 7777      1289  26.66667   1289      1289      0.001
149 gp04-05Osp NA NA  NA 8888      1289  26.66667   1289      1289      0.001
150 gp04-05Osp NA NA  NA 9999      1289  26.66667   1289      1289      0.001
151 gp04-06Osp NA NA  NA    0      1269  26.66667   1269      1269      0.000
152 gp04-06Osp NA NA  NA 1111      1269  26.66667   1269      1269      0.000
153 gp04-06Osp NA NA  NA 2222      1269  26.66667   1269      1269      0.000
154 gp04-06Osp NA NA  NA 3333      1269  26.66667   1269      1269      0.000
155 gp04-06Osp NA NA  NA 4444      1269  26.66667   1269      1269      0.000
156 gp04-06Osp NA NA  NA 5555      1269  26.66667   1269      1269      0.000
157 gp04-06Osp NA NA  NA 6666      1269  26.66667   1269      1269      0.000
158 gp04-06Osp NA NA  NA 7777      1269  26.66667   1269      1269      0.000
159 gp04-06Osp NA NA  NA 8888      1269  26.66667   1269      1269      0.000
160 gp04-06Osp NA NA  NA 9999      1269  26.66667   1269      1269      0.000
161 gp04-07Osp NA NA  NA    0      1267  26.66667   1267      1267      0.039
162 gp04-07Osp NA NA  NA 1111      1267  26.66667   1267      1267      0.012
163 gp04-07Osp NA NA  NA 2222      1267  26.66667   1267      1267      0.053
164 gp04-07Osp NA NA  NA 3333      1267  26.66667   1267      1267      0.006
165 gp04-07Osp NA NA  NA 4444      1267  26.66667   1267      1267      0.177
166 gp04-07Osp NA NA  NA 5555      1267  26.66667   1267      1267      0.139
167 gp04-07Osp NA NA  NA 6666      1267  26.66667   1267      1267      0.022
168 gp04-07Osp NA NA  NA 7777      1267  26.66667   1267      1267      0.055
169 gp04-07Osp NA NA  NA 8888      1267  26.66667   1267      1267      0.024
170 gp04-07Osp NA NA  NA 9999      1267  26.66667   1267      1267      0.018
171 gp04-08Osp NA NA  NA    0      1259  26.66667   1259      1259      0.001
172 gp04-08Osp NA NA  NA 1111      1259  26.66667   1259      1259      0.001
173 gp04-08Osp NA NA  NA 2222      1259  26.66667   1259      1259      0.001
174 gp04-08Osp NA NA  NA 3333      1259  26.66667   1259      1259      0.001
175 gp04-08Osp NA NA  NA 4444      1259  26.66667   1259      1259      0.001
176 gp04-08Osp NA NA  NA 5555      1259  26.66667   1259      1259      0.001
177 gp04-08Osp NA NA  NA 6666      1259  26.66667   1259      1259      0.001
178 gp04-08Osp NA NA  NA 7777      1259  26.66667   1259      1259      0.001
179 gp04-08Osp NA NA  NA 8888      1259  26.66667   1259      1259      0.001
180 gp04-08Osp NA NA  NA 9999      1259  26.66667   1259      1259      0.001
181 gp04-09Osp NA NA  NA    0      1280  26.66667   1280      1280      0.001
182 gp04-09Osp NA NA  NA 1111      1280  26.66667   1280      1280      0.001
183 gp04-09Osp NA NA  NA 2222      1280  26.66667   1280      1280      0.001
184 gp04-09Osp NA NA  NA 3333      1280  26.66667   1280      1280      0.001
185 gp04-09Osp NA NA  NA 4444      1280  26.66667   1280      1280      0.001
186 gp04-09Osp NA NA  NA 5555      1280  26.66667   1280      1280      0.001
187 gp04-09Osp NA NA  NA 6666      1280  26.66667   1280      1280      0.001
188 gp04-09Osp NA NA  NA 7777      1280  26.66667   1280      1280      0.001
189 gp04-09Osp NA NA  NA 8888      1280  26.66667   1280      1280      0.001
190 gp04-09Osp NA NA  NA 9999      1280  26.66667   1280      1280      0.001
191 gp04-10Osp NA NA  NA    0      1263  26.66667   1263      1263      0.004
192 gp04-10Osp NA NA  NA 1111      1263  26.66667   1263      1263      0.004
193 gp04-10Osp NA NA  NA 2222      1263  26.66667   1263      1263      0.004
194 gp04-10Osp NA NA  NA 3333      1263  26.66667   1263      1263      0.004
195 gp04-10Osp NA NA  NA 4444      1263  26.66667   1263      1263      0.005
196 gp04-10Osp NA NA  NA 5555      1263  26.66667   1263      1263      0.004
197 gp04-10Osp NA NA  NA 6666      1263  26.66667   1263      1263      0.004
198 gp04-10Osp NA NA  NA 7777      1263  26.66667   1263      1263      0.004
199 gp04-10Osp NA NA  NA 8888      1263  26.66667   1263      1263      0.004
200 gp04-10Osp NA NA  NA 9999      1263  26.66667   1263      1263      0.004
201 gp05-01Osp NA NA  NA    0      1245  41.66667   1245      1245      0.000
202 gp05-01Osp NA NA  NA 1111      1245  41.66667   1245      1245      0.000
203 gp05-01Osp NA NA  NA 2222      1245  41.66667   1245      1245      0.000
204 gp05-01Osp NA NA  NA 3333      1245  41.66667   1245      1245      0.000
205 gp05-01Osp NA NA  NA 4444      1245  41.66667   1245      1245      0.000
206 gp05-01Osp NA NA  NA 5555      1245  41.66667   1245      1245      0.000
207 gp05-01Osp NA NA  NA 6666      1245  41.66667   1245      1245      0.000
208 gp05-01Osp NA NA  NA 7777      1245  41.66667   1245      1245      0.000
209 gp05-01Osp NA NA  NA 8888      1245  41.66667   1245      1245      0.000
210 gp05-01Osp NA NA  NA 9999      1245  41.66667   1245      1245      0.000
211 gp05-02Osp NA NA  NA    0      1247  41.66667   1247      1247      0.008
212 gp05-02Osp NA NA  NA 1111      1247  41.66667   1247      1247      0.008
213 gp05-02Osp NA NA  NA 2222      1247  41.66667   1247      1247      0.011
214 gp05-02Osp NA NA  NA 3333      1247  41.66667   1247      1247      0.008
215 gp05-02Osp NA NA  NA 4444      1247  41.66667   1247      1247      0.008
216 gp05-02Osp NA NA  NA 5555      1247  41.66667   1247      1247      0.008
217 gp05-02Osp NA NA  NA 6666      1247  41.66667   1247      1247      0.011
218 gp05-02Osp NA NA  NA 7777      1247  41.66667   1247      1247      0.008
219 gp05-02Osp NA NA  NA 8888      1247  41.66667   1247      1247      0.009
220 gp05-02Osp NA NA  NA 9999      1247  41.66667   1247      1247      0.008
221 gp05-03Osp NA NA  NA    0      1265  41.66667   1265      1265      0.000
222 gp05-03Osp NA NA  NA 1111      1265  41.66667   1265      1265      0.000
223 gp05-03Osp NA NA  NA 2222      1265  41.66667   1265      1265      0.000
224 gp05-03Osp NA NA  NA 3333      1265  41.66667   1265      1265      0.000
225 gp05-03Osp NA NA  NA 4444      1265  41.66667   1265      1265      0.000
226 gp05-03Osp NA NA  NA 5555      1265  41.66667   1265      1265      0.000
227 gp05-03Osp NA NA  NA 6666      1265  41.66667   1265      1265      0.000
228 gp05-03Osp NA NA  NA 7777      1265  41.66667   1265      1265      0.000
229 gp05-03Osp NA NA  NA 8888      1265  41.66667   1265      1265      0.000
230 gp05-03Osp NA NA  NA 9999      1265  41.66667   1265      1265      0.000
231 gp05-04Osp NA NA  NA    0      1258  41.66667   1258      1258      1.825
232 gp05-04Osp NA NA  NA 1111      1258  41.66667   1258      1258      0.780
233 gp05-04Osp NA NA  NA 2222      1258  41.66667   1258      1258      0.848
234 gp05-04Osp NA NA  NA 3333      1258  41.66667   1258      1258      1.081
235 gp05-04Osp NA NA  NA 4444      1258  41.66667   1258      1258      0.103
236 gp05-04Osp NA NA  NA 5555      1258  41.66667   1258      1258      0.687
237 gp05-04Osp NA NA  NA 6666      1258  41.66667   1258      1258      0.782
238 gp05-04Osp NA NA  NA 7777      1258  41.66667   1258      1258      0.167
239 gp05-04Osp NA NA  NA 8888      1258  41.66667   1258      1258      0.647
240 gp05-04Osp NA NA  NA 9999      1258  41.66667   1258      1258      0.133
241 gp05-05Osp NA NA  NA    0      1280  41.66667   1280      1280      0.066
242 gp05-05Osp NA NA  NA 1111      1280  41.66667   1280      1280      0.378
243 gp05-05Osp NA NA  NA 2222      1280  41.66667   1280      1280      0.084
244 gp05-05Osp NA NA  NA 3333      1280  41.66667   1280      1280      0.080
245 gp05-05Osp NA NA  NA 4444      1280  41.66667   1280      1280      0.222
246 gp05-05Osp NA NA  NA 5555      1280  41.66667   1280      1280      0.360
247 gp05-05Osp NA NA  NA 6666      1280  41.66667   1280      1280      0.176
248 gp05-05Osp NA NA  NA 7777      1280  41.66667   1280      1280      0.261
249 gp05-05Osp NA NA  NA 8888      1280  41.66667   1280      1280      0.101
250 gp05-05Osp NA NA  NA 9999      1280  41.66667   1280      1280      0.102
251 gp05-06Osp NA NA  NA    0      1269  41.66667   1269      1269      0.000
252 gp05-06Osp NA NA  NA 1111      1269  41.66667   1269      1269      0.000
253 gp05-06Osp NA NA  NA 2222      1269  41.66667   1269      1269      0.000
254 gp05-06Osp NA NA  NA 3333      1269  41.66667   1269      1269      0.000
255 gp05-06Osp NA NA  NA 4444      1269  41.66667   1269      1269      0.000
256 gp05-06Osp NA NA  NA 5555      1269  41.66667   1269      1269      0.000
257 gp05-06Osp NA NA  NA 6666      1269  41.66667   1269      1269      0.000
258 gp05-06Osp NA NA  NA 7777      1269  41.66667   1269      1269      0.000
259 gp05-06Osp NA NA  NA 8888      1269  41.66667   1269      1269      0.000
260 gp05-06Osp NA NA  NA 9999      1269  41.66667   1269      1269      0.000
261 gp05-07Osp NA NA  NA    0      1269  41.66667   1269      1269      0.000
262 gp05-07Osp NA NA  NA 1111      1269  41.66667   1269      1269      0.000
263 gp05-07Osp NA NA  NA 2222      1269  41.66667   1269      1269      0.000
264 gp05-07Osp NA NA  NA 3333      1269  41.66667   1269      1269      0.000
265 gp05-07Osp NA NA  NA 4444      1269  41.66667   1269      1269      0.000
266 gp05-07Osp NA NA  NA 5555      1269  41.66667   1269      1269      0.000
267 gp05-07Osp NA NA  NA 6666      1269  41.66667   1269      1269      0.000
268 gp05-07Osp NA NA  NA 7777      1269  41.66667   1269      1269      0.000
269 gp05-07Osp NA NA  NA 8888      1269  41.66667   1269      1269      0.000
270 gp05-07Osp NA NA  NA 9999      1269  41.66667   1269      1269      0.000
271 gp05-08Osp NA NA  NA    0      1287  41.66667   1287      1287      0.000
272 gp05-08Osp NA NA  NA 1111      1287  41.66667   1287      1287      0.000
273 gp05-08Osp NA NA  NA 2222      1287  41.66667   1287      1287      0.000
274 gp05-08Osp NA NA  NA 3333      1287  41.66667   1287      1287      0.000
275 gp05-08Osp NA NA  NA 4444      1287  41.66667   1287      1287      0.000
276 gp05-08Osp NA NA  NA 5555      1287  41.66667   1287      1287      0.000
277 gp05-08Osp NA NA  NA 6666      1287  41.66667   1287      1287      0.000
278 gp05-08Osp NA NA  NA 7777      1287  41.66667   1287      1287      0.000
279 gp05-08Osp NA NA  NA 8888      1287  41.66667   1287      1287      0.000
280 gp05-08Osp NA NA  NA 9999      1287  41.66667   1287      1287      0.000
281 gp05-09Osp NA NA  NA    0      1262  41.66667   1262      1262      0.000
282 gp05-09Osp NA NA  NA 1111      1262  41.66667   1262      1262      0.000
283 gp05-09Osp NA NA  NA 2222      1262  41.66667   1262      1262      0.000
284 gp05-09Osp NA NA  NA 3333      1262  41.66667   1262      1262      0.000
285 gp05-09Osp NA NA  NA 4444      1262  41.66667   1262      1262      0.000
286 gp05-09Osp NA NA  NA 5555      1262  41.66667   1262      1262      0.000
287 gp05-09Osp NA NA  NA 6666      1262  41.66667   1262      1262      0.000
288 gp05-09Osp NA NA  NA 7777      1262  41.66667   1262      1262      0.000
289 gp05-09Osp NA NA  NA 8888      1262  41.66667   1262      1262      0.000
290 gp05-09Osp NA NA  NA 9999      1262  41.66667   1262      1262      0.000
291 gp05-10Osp NA NA  NA    0      1254  41.66667   1254      1254      0.006
292 gp05-10Osp NA NA  NA 1111      1254  41.66667   1254      1254      0.007
293 gp05-10Osp NA NA  NA 2222      1254  41.66667   1254      1254      0.006
294 gp05-10Osp NA NA  NA 3333      1254  41.66667   1254      1254      0.007
295 gp05-10Osp NA NA  NA 4444      1254  41.66667   1254      1254      0.006
296 gp05-10Osp NA NA  NA 5555      1254  41.66667   1254      1254      0.006
297 gp05-10Osp NA NA  NA 6666      1254  41.66667   1254      1254      0.008
298 gp05-10Osp NA NA  NA 7777      1254  41.66667   1254      1254      0.007
299 gp05-10Osp NA NA  NA 8888      1254  41.66667   1254      1254      0.006
300 gp05-10Osp NA NA  NA 9999      1254  41.66667   1254      1254      0.007
301 gp06-01Osp NA NA  NA    0      1264  60.00000   1264      1264      0.144
302 gp06-01Osp NA NA  NA 1111      1264  60.00000   1264      1264      0.489
303 gp06-01Osp NA NA  NA 2222      1264  60.00000   1264      1264      0.116
304 gp06-01Osp NA NA  NA 3333      1264  60.00000   1264      1264      0.862
305 gp06-01Osp NA NA  NA 4444      1264  60.00000   1264      1264      0.763
306 gp06-01Osp NA NA  NA 5555      1264  60.00000   1264      1264      1.144
307 gp06-01Osp NA NA  NA 6666      1264  60.00000   1264      1264      0.899
308 gp06-01Osp NA NA  NA 7777      1264  60.00000   1264      1264      0.526
309 gp06-01Osp NA NA  NA 8888      1264  60.00000   1264      1264      0.298
310 gp06-01Osp NA NA  NA 9999      1264  60.00000   1264      1264      0.244
311 gp06-02Osp NA NA  NA    0      1285  60.00000   1285      1285      0.000
312 gp06-02Osp NA NA  NA 1111      1285  60.00000   1285      1285      0.000
313 gp06-02Osp NA NA  NA 2222      1285  60.00000   1285      1285      0.000
314 gp06-02Osp NA NA  NA 3333      1285  60.00000   1285      1285      0.000
315 gp06-02Osp NA NA  NA 4444      1285  60.00000   1285      1285      0.000
316 gp06-02Osp NA NA  NA 5555      1285  60.00000   1285      1285      0.000
317 gp06-02Osp NA NA  NA 6666      1285  60.00000   1285      1285      0.000
318 gp06-02Osp NA NA  NA 7777      1285  60.00000   1285      1285      0.000
319 gp06-02Osp NA NA  NA 8888      1285  60.00000   1285      1285      0.000
320 gp06-02Osp NA NA  NA 9999      1285  60.00000   1285      1285      0.000
321 gp06-03Osp NA NA  NA    0      1255  60.00000   1255      1255      0.000
322 gp06-03Osp NA NA  NA 1111      1255  60.00000   1255      1255      0.000
323 gp06-03Osp NA NA  NA 2222      1255  60.00000   1255      1255      0.000
324 gp06-03Osp NA NA  NA 3333      1255  60.00000   1255      1255      0.000
325 gp06-03Osp NA NA  NA 4444      1255  60.00000   1255      1255      0.000
326 gp06-03Osp NA NA  NA 5555      1255  60.00000   1255      1255      0.000
327 gp06-03Osp NA NA  NA 6666      1255  60.00000   1255      1255      0.000
328 gp06-03Osp NA NA  NA 7777      1255  60.00000   1255      1255      0.000
329 gp06-03Osp NA NA  NA 8888      1255  60.00000   1255      1255      0.000
330 gp06-03Osp NA NA  NA 9999      1255  60.00000   1255      1255      0.000
331 gp06-04Osp NA NA  NA    0      1275  60.00000   1275      1275      0.004
332 gp06-04Osp NA NA  NA 1111      1275  60.00000   1275      1275      0.003
333 gp06-04Osp NA NA  NA 2222      1275  60.00000   1275      1275      0.003
334 gp06-04Osp NA NA  NA 3333      1275  60.00000   1275      1275      0.003
335 gp06-04Osp NA NA  NA 4444      1275  60.00000   1275      1275      0.003
336 gp06-04Osp NA NA  NA 5555      1275  60.00000   1275      1275      0.003
337 gp06-04Osp NA NA  NA 6666      1275  60.00000   1275      1275      0.003
338 gp06-04Osp NA NA  NA 7777      1275  60.00000   1275      1275      0.004
339 gp06-04Osp NA NA  NA 8888      1275  60.00000   1275      1275      0.004
340 gp06-04Osp NA NA  NA 9999      1275  60.00000   1275      1275      0.004
341 gp06-05Osp NA NA  NA    0      1299  60.00000   1299      1299      0.000
342 gp06-05Osp NA NA  NA 1111      1299  60.00000   1299      1299      0.000
343 gp06-05Osp NA NA  NA 2222      1299  60.00000   1299      1299      0.000
344 gp06-05Osp NA NA  NA 3333      1299  60.00000   1299      1299      0.000
345 gp06-05Osp NA NA  NA 4444      1299  60.00000   1299      1299      0.000
346 gp06-05Osp NA NA  NA 5555      1299  60.00000   1299      1299      0.000
347 gp06-05Osp NA NA  NA 6666      1299  60.00000   1299      1299      0.000
348 gp06-05Osp NA NA  NA 7777      1299  60.00000   1299      1299      0.000
349 gp06-05Osp NA NA  NA 8888      1299  60.00000   1299      1299      0.000
350 gp06-05Osp NA NA  NA 9999      1299  60.00000   1299      1299      0.000
351 gp06-06Osp NA NA  NA    0      1284  60.00000   1284      1284      0.015
352 gp06-06Osp NA NA  NA 1111      1284  60.00000   1284      1284      0.015
353 gp06-06Osp NA NA  NA 2222      1284  60.00000   1284      1284      0.018
354 gp06-06Osp NA NA  NA 3333      1284  60.00000   1284      1284      0.015
355 gp06-06Osp NA NA  NA 4444      1284  60.00000   1284      1284      0.018
356 gp06-06Osp NA NA  NA 5555      1284  60.00000   1284      1284      0.019
357 gp06-06Osp NA NA  NA 6666      1284  60.00000   1284      1284      0.018
358 gp06-06Osp NA NA  NA 7777      1284  60.00000   1284      1284      0.021
359 gp06-06Osp NA NA  NA 8888      1284  60.00000   1284      1284      0.018
360 gp06-06Osp NA NA  NA 9999      1284  60.00000   1284      1284      0.018
361 gp06-07Osp NA NA  NA    0      1290  60.00000   1290      1290      0.097
362 gp06-07Osp NA NA  NA 1111      1290  60.00000   1290      1290      0.180
363 gp06-07Osp NA NA  NA 2222      1290  60.00000   1290      1290      0.301
364 gp06-07Osp NA NA  NA 3333      1290  60.00000   1290      1290      0.096
365 gp06-07Osp NA NA  NA 4444      1290  60.00000   1290      1290      0.058
366 gp06-07Osp NA NA  NA 5555      1290  60.00000   1290      1290      0.067
367 gp06-07Osp NA NA  NA 6666      1290  60.00000   1290      1290      0.362
368 gp06-07Osp NA NA  NA 7777      1290  60.00000   1290      1290      0.156
369 gp06-07Osp NA NA  NA 8888      1290  60.00000   1290      1290      0.111
370 gp06-07Osp NA NA  NA 9999      1290  60.00000   1290      1290      0.082
371 gp06-08Osp NA NA  NA    0      1265  60.00000   1265      1265      1.505
372 gp06-08Osp NA NA  NA 1111      1265  60.00000   1265      1265      2.925
373 gp06-08Osp NA NA  NA 2222      1265  60.00000   1265      1265      0.803
374 gp06-08Osp NA NA  NA 3333      1265  60.00000   1265      1265      3.709
375 gp06-08Osp NA NA  NA 4444      1265  60.00000   1265      1265      1.008
376 gp06-08Osp NA NA  NA 5555      1265  60.00000   1265      1265      0.816
377 gp06-08Osp NA NA  NA 6666      1265  60.00000   1265      1265      3.049
378 gp06-08Osp NA NA  NA 7777      1265  60.00000   1265      1265      1.049
379 gp06-08Osp NA NA  NA 8888      1265  60.00000   1265      1265      1.253
380 gp06-08Osp NA NA  NA 9999      1265  60.00000   1265      1265      0.630
381 gp06-09Osp NA NA  NA    0      1243  60.00000   1243      1243      0.000
382 gp06-09Osp NA NA  NA 1111      1243  60.00000   1243      1243      0.000
383 gp06-09Osp NA NA  NA 2222      1243  60.00000   1243      1243      0.000
384 gp06-09Osp NA NA  NA 3333      1243  60.00000   1243      1243      0.000
385 gp06-09Osp NA NA  NA 4444      1243  60.00000   1243      1243      0.000
386 gp06-09Osp NA NA  NA 5555      1243  60.00000   1243      1243      0.000
387 gp06-09Osp NA NA  NA 6666      1243  60.00000   1243      1243      0.000
388 gp06-09Osp NA NA  NA 7777      1243  60.00000   1243      1243      0.000
389 gp06-09Osp NA NA  NA 8888      1243  60.00000   1243      1243      0.000
390 gp06-09Osp NA NA  NA 9999      1243  60.00000   1243      1243      0.000
391 gp06-10Osp NA NA  NA    0      1254  60.00000   1254      1254      0.693
392 gp06-10Osp NA NA  NA 1111      1254  60.00000   1254      1254      0.501
393 gp06-10Osp NA NA  NA 2222      1254  60.00000   1254      1254      0.215
394 gp06-10Osp NA NA  NA 3333      1254  60.00000   1254      1254      0.892
395 gp06-10Osp NA NA  NA 4444      1254  60.00000   1254      1254      0.570
396 gp06-10Osp NA NA  NA 5555      1254  60.00000   1254      1254      0.208
397 gp06-10Osp NA NA  NA 6666      1254  60.00000   1254      1254      0.187
398 gp06-10Osp NA NA  NA 7777      1254  60.00000   1254      1254      0.049
399 gp06-10Osp NA NA  NA 8888      1254  60.00000   1254      1254      0.642
400 gp06-10Osp NA NA  NA 9999      1254  60.00000   1254      1254      0.526
401 gp07-01Osp NA NA  NA    0      1159  81.66667   1159      1159      2.766
402 gp07-01Osp NA NA  NA 1111      1159  81.66667   1159      1159      0.597
403 gp07-01Osp NA NA  NA 2222      1159  81.66667   1159      1159      0.178
404 gp07-01Osp NA NA  NA 3333      1159  81.66667   1159      1159      0.615
405 gp07-01Osp NA NA  NA 4444      1159  81.66667   1159      1159      0.892
406 gp07-01Osp NA NA  NA 5555      1159  81.66667   1159      1159      0.095
407 gp07-01Osp NA NA  NA 6666      1159  81.66667   1159      1159      1.539
408 gp07-01Osp NA NA  NA 7777      1159  81.66667   1159      1159      0.412
409 gp07-01Osp NA NA  NA 8888      1159  81.66667   1159      1159      0.605
410 gp07-01Osp NA NA  NA 9999      1159  81.66667   1159      1159      0.806
411 gp07-02Osp NA NA  NA    0      1185  81.66667   1185      1185      0.089
412 gp07-02Osp NA NA  NA 1111      1185  81.66667   1185      1185      0.081
413 gp07-02Osp NA NA  NA 2222      1185  81.66667   1185      1185      0.097
414 gp07-02Osp NA NA  NA 3333      1185  81.66667   1185      1185      0.082
415 gp07-02Osp NA NA  NA 4444      1185  81.66667   1185      1185      0.080
416 gp07-02Osp NA NA  NA 5555      1185  81.66667   1185      1185      0.098
417 gp07-02Osp NA NA  NA 6666      1185  81.66667   1185      1185      0.094
418 gp07-02Osp NA NA  NA 7777      1185  81.66667   1185      1185      0.080
419 gp07-02Osp NA NA  NA 8888      1185  81.66667   1185      1185      0.081
420 gp07-02Osp NA NA  NA 9999      1185  81.66667   1185      1185      0.095
421 gp07-03Osp NA NA  NA    0      1237  81.66667   1237      1237      0.823
422 gp07-03Osp NA NA  NA 1111      1237  81.66667   1237      1237      1.042
423 gp07-03Osp NA NA  NA 2222      1237  81.66667   1237      1237      0.387
424 gp07-03Osp NA NA  NA 3333      1237  81.66667   1237      1237      0.146
425 gp07-03Osp NA NA  NA 4444      1237  81.66667   1237      1237      0.060
426 gp07-03Osp NA NA  NA 5555      1237  81.66667   1237      1237      0.834
427 gp07-03Osp NA NA  NA 6666      1237  81.66667   1237      1237      0.514
428 gp07-03Osp NA NA  NA 7777      1237  81.66667   1237      1237      0.295
429 gp07-03Osp NA NA  NA 8888      1237  81.66667   1237      1237      0.191
430 gp07-03Osp NA NA  NA 9999      1237  81.66667   1237      1237      0.659
431 gp07-04Osp NA NA  NA    0      1167  81.66667   1167      1167      0.127
432 gp07-04Osp NA NA  NA 1111      1167  81.66667   1167      1167      1.389
433 gp07-04Osp NA NA  NA 2222      1167  81.66667   1167      1167      0.539
434 gp07-04Osp NA NA  NA 3333      1167  81.66667   1167      1167      0.194
435 gp07-04Osp NA NA  NA 4444      1167  81.66667   1167      1167      0.955
436 gp07-04Osp NA NA  NA 5555      1167  81.66667   1167      1167      0.426
437 gp07-04Osp NA NA  NA 6666      1167  81.66667   1167      1167      0.677
438 gp07-04Osp NA NA  NA 7777      1167  81.66667   1167      1167      0.582
439 gp07-04Osp NA NA  NA 8888      1167  81.66667   1167      1167      0.742
440 gp07-04Osp NA NA  NA 9999      1167  81.66667   1167      1167      0.139
441 gp07-05Osp NA NA  NA    0      1157  81.66667   1157      1157      0.040
442 gp07-05Osp NA NA  NA 1111      1157  81.66667   1157      1157      0.036
443 gp07-05Osp NA NA  NA 2222      1157  81.66667   1157      1157      0.046
444 gp07-05Osp NA NA  NA 3333      1157  81.66667   1157      1157      0.040
445 gp07-05Osp NA NA  NA 4444      1157  81.66667   1157      1157      0.033
446 gp07-05Osp NA NA  NA 5555      1157  81.66667   1157      1157      0.034
447 gp07-05Osp NA NA  NA 6666      1157  81.66667   1157      1157      0.046
448 gp07-05Osp NA NA  NA 7777      1157  81.66667   1157      1157      0.041
449 gp07-05Osp NA NA  NA 8888      1157  81.66667   1157      1157      0.038
450 gp07-05Osp NA NA  NA 9999      1157  81.66667   1157      1157      0.044
451 gp07-06Osp NA NA  NA    0      1193  81.66667   1193      1193      0.732
452 gp07-06Osp NA NA  NA 1111      1193  81.66667   1193      1193      0.470
453 gp07-06Osp NA NA  NA 2222      1193  81.66667   1193      1193      0.508
454 gp07-06Osp NA NA  NA 3333      1193  81.66667   1193      1193      0.289
455 gp07-06Osp NA NA  NA 4444      1193  81.66667   1193      1193      0.223
456 gp07-06Osp NA NA  NA 5555      1193  81.66667   1193      1193      0.313
457 gp07-06Osp NA NA  NA 6666      1193  81.66667   1193      1193      1.339
458 gp07-06Osp NA NA  NA 7777      1193  81.66667   1193      1193      0.103
459 gp07-06Osp NA NA  NA 8888      1193  81.66667   1193      1193      0.786
460 gp07-06Osp NA NA  NA 9999      1193  81.66667   1193      1193      1.673
461 gp07-07Osp NA NA  NA    0      1185  81.66667   1185      1185      0.063
462 gp07-07Osp NA NA  NA 1111      1185  81.66667   1185      1185      0.073
463 gp07-07Osp NA NA  NA 2222      1185  81.66667   1185      1185      0.078
464 gp07-07Osp NA NA  NA 3333      1185  81.66667   1185      1185      0.079
465 gp07-07Osp NA NA  NA 4444      1185  81.66667   1185      1185      0.064
466 gp07-07Osp NA NA  NA 5555      1185  81.66667   1185      1185      0.065
467 gp07-07Osp NA NA  NA 6666      1185  81.66667   1185      1185      0.077
468 gp07-07Osp NA NA  NA 7777      1185  81.66667   1185      1185      0.075
469 gp07-07Osp NA NA  NA 8888      1185  81.66667   1185      1185      0.072
470 gp07-07Osp NA NA  NA 9999      1185  81.66667   1185      1185      0.062
471 gp07-08Osp NA NA  NA    0      1180  81.66667   1180      1180      0.000
472 gp07-08Osp NA NA  NA 1111      1180  81.66667   1180      1180      0.000
473 gp07-08Osp NA NA  NA 2222      1180  81.66667   1180      1180      0.000
474 gp07-08Osp NA NA  NA 3333      1180  81.66667   1180      1180      0.000
475 gp07-08Osp NA NA  NA 4444      1180  81.66667   1180      1180      0.000
476 gp07-08Osp NA NA  NA 5555      1180  81.66667   1180      1180      0.000
477 gp07-08Osp NA NA  NA 6666      1180  81.66667   1180      1180      0.000
478 gp07-08Osp NA NA  NA 7777      1180  81.66667   1180      1180      0.000
479 gp07-08Osp NA NA  NA 8888      1180  81.66667   1180      1180      0.000
480 gp07-08Osp NA NA  NA 9999      1180  81.66667   1180      1180      0.000
481 gp07-09Osp NA NA  NA    0      1220  81.66667   1220      1220      0.203
482 gp07-09Osp NA NA  NA 1111      1220  81.66667   1220      1220      0.472
483 gp07-09Osp NA NA  NA 2222      1220  81.66667   1220      1220      0.813
484 gp07-09Osp NA NA  NA 3333      1220  81.66667   1220      1220      0.239
485 gp07-09Osp NA NA  NA 4444      1220  81.66667   1220      1220      0.277
486 gp07-09Osp NA NA  NA 5555      1220  81.66667   1220      1220      1.321
487 gp07-09Osp NA NA  NA 6666      1220  81.66667   1220      1220      0.136
488 gp07-09Osp NA NA  NA 7777      1220  81.66667   1220      1220      0.326
489 gp07-09Osp NA NA  NA 8888      1220  81.66667   1220      1220      1.123
490 gp07-09Osp NA NA  NA 9999      1220  81.66667   1220      1220      0.454
491 gp07-10Osp NA NA  NA    0      1270  81.66667   1270      1270      0.000
492 gp07-10Osp NA NA  NA 1111      1270  81.66667   1270      1270      0.000
493 gp07-10Osp NA NA  NA 2222      1270  81.66667   1270      1270      0.000
494 gp07-10Osp NA NA  NA 3333      1270  81.66667   1270      1270      0.000
495 gp07-10Osp NA NA  NA 4444      1270  81.66667   1270      1270      0.000
496 gp07-10Osp NA NA  NA 5555      1270  81.66667   1270      1270      0.000
497 gp07-10Osp NA NA  NA 6666      1270  81.66667   1270      1270      0.000
498 gp07-10Osp NA NA  NA 7777      1270  81.66667   1270      1270      0.000
499 gp07-10Osp NA NA  NA 8888      1270  81.66667   1270      1270      0.000
500 gp07-10Osp NA NA  NA 9999      1270  81.66667   1270      1270      0.000
501 gp08-01Osp NA NA  NA    0      1130 106.66667   1130      1130     50.471
502 gp08-01Osp NA NA  NA 1111      1130 106.66667   1130      1130     26.314
503 gp08-01Osp NA NA  NA 2222      1130 106.66667   1130      1130     13.925
504 gp08-01Osp NA NA  NA 3333      1130 106.66667   1130      1130     46.690
505 gp08-01Osp NA NA  NA 4444      1130 106.66667   1130      1130      3.257
506 gp08-01Osp NA NA  NA 5555      1130 106.66667   1130      1130     47.206
507 gp08-01Osp NA NA  NA 6666      1130 106.66667   1130      1130     10.956
508 gp08-01Osp NA NA  NA 7777      1130 106.66667   1130      1130      4.884
509 gp08-01Osp NA NA  NA 8888      1130 106.66667   1130      1130     19.302
510 gp08-01Osp NA NA  NA 9999      1130 106.66667   1130      1130     22.341
511 gp08-02Osp NA NA  NA    0      1135 106.66667   1135      1135     14.634
512 gp08-02Osp NA NA  NA 1111      1135 106.66667   1135      1135      9.213
513 gp08-02Osp NA NA  NA 2222      1135 106.66667   1135      1135      4.169
514 gp08-02Osp NA NA  NA 3333      1135 106.66667   1135      1135      5.520
515 gp08-02Osp NA NA  NA 4444      1135 106.66667   1135      1135     11.507
516 gp08-02Osp NA NA  NA 5555      1135 106.66667   1135      1135     10.300
517 gp08-02Osp NA NA  NA 6666      1135 106.66667   1135      1135     10.946
518 gp08-02Osp NA NA  NA 7777      1135 106.66667   1135      1135      8.349
519 gp08-02Osp NA NA  NA 8888      1135 106.66667   1135      1135      9.804
520 gp08-02Osp NA NA  NA 9999      1135 106.66667   1135      1135      7.705
521 gp08-03Osp NA NA  NA    0      1110 106.66667   1110      1110      8.252
522 gp08-03Osp NA NA  NA 1111      1110 106.66667   1110      1110      8.875
523 gp08-03Osp NA NA  NA 2222      1110 106.66667   1110      1110     27.617
524 gp08-03Osp NA NA  NA 3333      1110 106.66667   1110      1110     14.443
525 gp08-03Osp NA NA  NA 4444      1110 106.66667   1110      1110     12.712
526 gp08-03Osp NA NA  NA 5555      1110 106.66667   1110      1110     10.602
527 gp08-03Osp NA NA  NA 6666      1110 106.66667   1110      1110      8.714
528 gp08-03Osp NA NA  NA 7777      1110 106.66667   1110      1110     38.794
529 gp08-03Osp NA NA  NA 8888      1110 106.66667   1110      1110      6.552
530 gp08-03Osp NA NA  NA 9999      1110 106.66667   1110      1110     20.655
531 gp08-04Osp NA NA  NA    0      1153 106.66667   1153      1153      9.534
532 gp08-04Osp NA NA  NA 1111      1153 106.66667   1153      1153      5.956
533 gp08-04Osp NA NA  NA 2222      1153 106.66667   1153      1153      5.790
534 gp08-04Osp NA NA  NA 3333      1153 106.66667   1153      1153      1.536
535 gp08-04Osp NA NA  NA 4444      1153 106.66667   1153      1153     12.488
536 gp08-04Osp NA NA  NA 5555      1153 106.66667   1153      1153      8.338
537 gp08-04Osp NA NA  NA 6666      1153 106.66667   1153      1153      8.258
538 gp08-04Osp NA NA  NA 7777      1153 106.66667   1153      1153      7.350
539 gp08-04Osp NA NA  NA 8888      1153 106.66667   1153      1153      2.854
540 gp08-04Osp NA NA  NA 9999      1153 106.66667   1153      1153      4.119
541 gp08-05Osp NA NA  NA    0      1218 106.66667   1218      1218      0.000
542 gp08-05Osp NA NA  NA 1111      1218 106.66667   1218      1218      0.000
543 gp08-05Osp NA NA  NA 2222      1218 106.66667   1218      1218      0.000
544 gp08-05Osp NA NA  NA 3333      1218 106.66667   1218      1218      0.000
545 gp08-05Osp NA NA  NA 4444      1218 106.66667   1218      1218      0.000
546 gp08-05Osp NA NA  NA 5555      1218 106.66667   1218      1218      0.000
547 gp08-05Osp NA NA  NA 6666      1218 106.66667   1218      1218      0.000
548 gp08-05Osp NA NA  NA 7777      1218 106.66667   1218      1218      0.000
549 gp08-05Osp NA NA  NA 8888      1218 106.66667   1218      1218      0.000
550 gp08-05Osp NA NA  NA 9999      1218 106.66667   1218      1218      0.000
551 gp08-06Osp NA NA  NA    0      1115 106.66667   1115      1115     28.027
552 gp08-06Osp NA NA  NA 1111      1115 106.66667   1115      1115     30.148
553 gp08-06Osp NA NA  NA 2222      1115 106.66667   1115      1115     21.285
554 gp08-06Osp NA NA  NA 3333      1115 106.66667   1115      1115     30.073
555 gp08-06Osp NA NA  NA 4444      1115 106.66667   1115      1115     43.703
556 gp08-06Osp NA NA  NA 5555      1115 106.66667   1115      1115      5.790
557 gp08-06Osp NA NA  NA 6666      1115 106.66667   1115      1115      6.296
558 gp08-06Osp NA NA  NA 7777      1115 106.66667   1115      1115     20.891
559 gp08-06Osp NA NA  NA 8888      1115 106.66667   1115      1115     33.589
560 gp08-06Osp NA NA  NA 9999      1115 106.66667   1115      1115     16.922
561 gp08-07Osp NA NA  NA    0      1126 106.66667   1127      1126    162.845
562 gp08-07Osp NA NA  NA 1111      1126 106.66667   1126      1126     98.280
563 gp08-07Osp NA NA  NA 2222      1126 106.66667   1126      1126     31.260
564 gp08-07Osp NA NA  NA 3333      1126 106.66667   1126      1126     14.074
565 gp08-07Osp NA NA  NA 4444      1126 106.66667   1129      1126    136.551
566 gp08-07Osp NA NA  NA 5555      1126 106.66667   1126      1126     63.339
567 gp08-07Osp NA NA  NA 6666      1126 106.66667   1126      1126     49.512
568 gp08-07Osp NA NA  NA 7777      1126 106.66667   1126      1126     59.653
569 gp08-07Osp NA NA  NA 8888      1126 106.66667   1128      1126    192.528
570 gp08-07Osp NA NA  NA 9999      1126 106.66667   1129      1126    125.911
571 gp08-08Osp NA NA  NA    0      1148 106.66667   1148      1148      0.000
572 gp08-08Osp NA NA  NA 1111      1148 106.66667   1148      1148      0.000
573 gp08-08Osp NA NA  NA 2222      1148 106.66667   1148      1148      0.000
574 gp08-08Osp NA NA  NA 3333      1148 106.66667   1148      1148      0.000
575 gp08-08Osp NA NA  NA 4444      1148 106.66667   1148      1148      0.000
576 gp08-08Osp NA NA  NA 5555      1148 106.66667   1148      1148      0.000
577 gp08-08Osp NA NA  NA 6666      1148 106.66667   1148      1148      0.000
578 gp08-08Osp NA NA  NA 7777      1148 106.66667   1148      1148      0.000
579 gp08-08Osp NA NA  NA 8888      1148 106.66667   1148      1148      0.000
580 gp08-08Osp NA NA  NA 9999      1148 106.66667   1148      1148      0.000
581 gp08-09Osp NA NA  NA    0      1114 106.66667   1114      1114     19.153
582 gp08-09Osp NA NA  NA 1111      1114 106.66667   1114      1114     71.276
583 gp08-09Osp NA NA  NA 2222      1114 106.66667   1114      1114      4.866
584 gp08-09Osp NA NA  NA 3333      1114 106.66667   1114      1114     38.026
585 gp08-09Osp NA NA  NA 4444      1114 106.66667   1114      1114     82.345
586 gp08-09Osp NA NA  NA 5555      1114 106.66667   1114      1114     21.801
587 gp08-09Osp NA NA  NA 6666      1114 106.66667   1114      1114     27.483
588 gp08-09Osp NA NA  NA 7777      1114 106.66667   1114      1114     54.297
589 gp08-09Osp NA NA  NA 8888      1114 106.66667   1114      1114      6.895
590 gp08-09Osp NA NA  NA 9999      1114 106.66667   1114      1114     27.900
591 gp08-10Osp NA NA  NA    0      1161 106.66667   1161      1161     14.653
592 gp08-10Osp NA NA  NA 1111      1161 106.66667   1161      1161      1.359
593 gp08-10Osp NA NA  NA 2222      1161 106.66667   1161      1161      4.773
594 gp08-10Osp NA NA  NA 3333      1161 106.66667   1161      1161     13.131
595 gp08-10Osp NA NA  NA 4444      1161 106.66667   1161      1161     22.526
596 gp08-10Osp NA NA  NA 5555      1161 106.66667   1161      1161     12.051
597 gp08-10Osp NA NA  NA 6666      1161 106.66667   1161      1161     21.782
598 gp08-10Osp NA NA  NA 7777      1161 106.66667   1161      1161     27.992
599 gp08-10Osp NA NA  NA 8888      1161 106.66667   1161      1161     11.948
600 gp08-10Osp NA NA  NA 9999      1161 106.66667   1161      1161     17.800
601 gp09-01Osp NA NA  NA    0      1129 135.00000   1129      1129     31.368
602 gp09-01Osp NA NA  NA 1111      1129 135.00000   1129      1129      7.365
603 gp09-01Osp NA NA  NA 2222      1129 135.00000   1129      1129     12.073
604 gp09-01Osp NA NA  NA 3333      1129 135.00000   1129      1129      2.328
605 gp09-01Osp NA NA  NA 4444      1129 135.00000   1129      1129     10.061
606 gp09-01Osp NA NA  NA 5555      1129 135.00000   1129      1129     25.740
607 gp09-01Osp NA NA  NA 6666      1129 135.00000   1129      1129     12.773
608 gp09-01Osp NA NA  NA 7777      1129 135.00000   1129      1129      3.742
609 gp09-01Osp NA NA  NA 8888      1129 135.00000   1129      1129     15.366
610 gp09-01Osp NA NA  NA 9999      1129 135.00000   1129      1129     33.597
611 gp09-02Osp NA NA  NA    0      1110 135.00000   1112      1112      7.840
612 gp09-02Osp NA NA  NA 1111      1110 135.00000   1112      1112      6.131
613 gp09-02Osp NA NA  NA 2222      1110 135.00000   1111      1111     20.642
614 gp09-02Osp NA NA  NA 3333      1110 135.00000   1112      1112     17.722
615 gp09-02Osp NA NA  NA 4444      1110 135.00000   1111      1111     21.638
616 gp09-02Osp NA NA  NA 5555      1110 135.00000   1110      1110    128.974
617 gp09-02Osp NA NA  NA 6666      1110 135.00000   1112      1112      2.399
618 gp09-02Osp NA NA  NA 7777      1110 135.00000   1112      1112      7.806
619 gp09-02Osp NA NA  NA 8888      1110 135.00000   1112      1112     18.363
620 gp09-02Osp NA NA  NA 9999      1110 135.00000   1112      1112     17.168
621 gp09-03Osp NA NA  NA    0      1116 135.00000   1115      1115     35.598
622 gp09-03Osp NA NA  NA 1111      1116 135.00000   1115      1115     31.553
623 gp09-03Osp NA NA  NA 2222      1116 135.00000   1115      1115     46.625
624 gp09-03Osp NA NA  NA 3333      1116 135.00000   1115      1115     17.634
625 gp09-03Osp NA NA  NA 4444      1116 135.00000   1115      1115     11.045
626 gp09-03Osp NA NA  NA 5555      1116 135.00000   1115      1115     31.052
627 gp09-03Osp NA NA  NA 6666      1116 135.00000   1115      1115      1.971
628 gp09-03Osp NA NA  NA 7777      1116 135.00000   1115      1115     22.969
629 gp09-03Osp NA NA  NA 8888      1116 135.00000   1115      1115      7.403
630 gp09-03Osp NA NA  NA 9999      1116 135.00000   1115      1115     22.258
631 gp09-04Osp NA NA  NA    0      1130 135.00000   1130      1130     37.533
632 gp09-04Osp NA NA  NA 1111      1130 135.00000   1130      1130     32.106
633 gp09-04Osp NA NA  NA 2222      1130 135.00000   1130      1130      9.208
634 gp09-04Osp NA NA  NA 3333      1130 135.00000   1130      1130     19.203
635 gp09-04Osp NA NA  NA 4444      1130 135.00000   1130      1130      2.825
636 gp09-04Osp NA NA  NA 5555      1130 135.00000   1130      1130      5.125
637 gp09-04Osp NA NA  NA 6666      1130 135.00000   1130      1130     21.330
638 gp09-04Osp NA NA  NA 7777      1130 135.00000   1130      1130     26.895
639 gp09-04Osp NA NA  NA 8888      1130 135.00000   1130      1130     16.711
640 gp09-04Osp NA NA  NA 9999      1130 135.00000   1130      1130     11.767
641 gp09-05Osp NA NA  NA    0      1180 135.00000   1180      1180      0.000
642 gp09-05Osp NA NA  NA 1111      1180 135.00000   1180      1180      0.000
643 gp09-05Osp NA NA  NA 2222      1180 135.00000   1180      1180      0.000
644 gp09-05Osp NA NA  NA 3333      1180 135.00000   1180      1180      0.000
645 gp09-05Osp NA NA  NA 4444      1180 135.00000   1180      1180      0.000
646 gp09-05Osp NA NA  NA 5555      1180 135.00000   1180      1180      0.000
647 gp09-05Osp NA NA  NA 6666      1180 135.00000   1180      1180      0.000
648 gp09-05Osp NA NA  NA 7777      1180 135.00000   1180      1180      0.000
649 gp09-05Osp NA NA  NA 8888      1180 135.00000   1180      1180      0.000
650 gp09-05Osp NA NA  NA 9999      1180 135.00000   1180      1180      0.000
651 gp09-06Osp NA NA  NA    0      1093 135.00000   1093      1093     11.611
652 gp09-06Osp NA NA  NA 1111      1093 135.00000   1093      1093      7.854
653 gp09-06Osp NA NA  NA 2222      1093 135.00000   1093      1093     36.915
654 gp09-06Osp NA NA  NA 3333      1093 135.00000   1093      1093     25.655
655 gp09-06Osp NA NA  NA 4444      1093 135.00000   1093      1093     44.792
656 gp09-06Osp NA NA  NA 5555      1093 135.00000   1093      1093      3.810
657 gp09-06Osp NA NA  NA 6666      1093 135.00000   1093      1093      2.705
658 gp09-06Osp NA NA  NA 7777      1093 135.00000   1093      1093     10.654
659 gp09-06Osp NA NA  NA 8888      1093 135.00000   1093      1093     11.819
660 gp09-06Osp NA NA  NA 9999      1093 135.00000   1093      1093     20.706
661 gp09-07Osp NA NA  NA    0      1091 135.00000   1090      1090     91.613
662 gp09-07Osp NA NA  NA 1111      1091 135.00000   1090      1090     43.536
663 gp09-07Osp NA NA  NA 2222      1091 135.00000   1091      1090    244.093
664 gp09-07Osp NA NA  NA 3333      1091 135.00000   1090      1090    101.096
665 gp09-07Osp NA NA  NA 4444      1091 135.00000   1091      1091     58.463
666 gp09-07Osp NA NA  NA 5555      1091 135.00000   1097      1090    290.023
667 gp09-07Osp NA NA  NA 6666      1091 135.00000   1090      1090     49.229
668 gp09-07Osp NA NA  NA 7777      1091 135.00000   1090      1090    130.426
669 gp09-07Osp NA NA  NA 8888      1091 135.00000   1090      1090     33.821
670 gp09-07Osp NA NA  NA 9999      1091 135.00000   1091      1090    284.714
671 gp09-08Osp NA NA  NA    0      1106 135.00000   1105      1105     24.898
672 gp09-08Osp NA NA  NA 1111      1106 135.00000   1108      1108     68.413
673 gp09-08Osp NA NA  NA 2222      1106 135.00000   1108      1108     13.404
674 gp09-08Osp NA NA  NA 3333      1106 135.00000   1105      1105    109.464
675 gp09-08Osp NA NA  NA 4444      1106 135.00000   1106      1105    176.851
676 gp09-08Osp NA NA  NA 5555      1106 135.00000   1105      1105      7.695
677 gp09-08Osp NA NA  NA 6666      1106 135.00000   1105      1105     84.340
678 gp09-08Osp NA NA  NA 7777      1106 135.00000   1105      1105     20.149
679 gp09-08Osp NA NA  NA 8888      1106 135.00000   1108      1108     51.956
680 gp09-08Osp NA NA  NA 9999      1106 135.00000   1115      1105    184.135
681 gp09-09Osp NA NA  NA    0      1123 135.00000   1123      1123      5.111
682 gp09-09Osp NA NA  NA 1111      1123 135.00000   1123      1123     17.025
683 gp09-09Osp NA NA  NA 2222      1123 135.00000   1123      1123     10.266
684 gp09-09Osp NA NA  NA 3333      1123 135.00000   1123      1123     13.195
685 gp09-09Osp NA NA  NA 4444      1123 135.00000   1123      1123     63.245
686 gp09-09Osp NA NA  NA 5555      1123 135.00000   1123      1123      3.824
687 gp09-09Osp NA NA  NA 6666      1123 135.00000   1123      1123      7.794
688 gp09-09Osp NA NA  NA 7777      1123 135.00000   1123      1123      3.738
689 gp09-09Osp NA NA  NA 8888      1123 135.00000   1123      1123     15.008
690 gp09-09Osp NA NA  NA 9999      1123 135.00000   1123      1123      8.493
691 gp09-10Osp NA NA  NA    0      1112 135.00000   1114      1110    284.196
692 gp09-10Osp NA NA  NA 1111      1112 135.00000   1111      1110    230.871
693 gp09-10Osp NA NA  NA 2222      1112 135.00000   1120      1120     88.839
694 gp09-10Osp NA NA  NA 3333      1112 135.00000   1112      1110    213.325
695 gp09-10Osp NA NA  NA 4444      1112 135.00000   1120      1120     52.978
696 gp09-10Osp NA NA  NA 5555      1112 135.00000   1119      1110    204.821
697 gp09-10Osp NA NA  NA 6666      1112 135.00000   1110      1110     35.411
698 gp09-10Osp NA NA  NA 7777      1112 135.00000   1112      1110    208.386
699 gp09-10Osp NA NA  NA 8888      1112 135.00000   1120      1110    238.386
700 gp09-10Osp NA NA  NA 9999      1112 135.00000   1110      1110    114.580
701 gp10-01Osp NA NA  NA    0      1093 166.66667   1112      1112     20.936
702 gp10-01Osp NA NA  NA 1111      1093 166.66667   1109      1109    110.048
703 gp10-01Osp NA NA  NA 2222      1093 166.66667   1093      1093    129.376
704 gp10-01Osp NA NA  NA 3333      1093 166.66667   1118      1116    246.613
705 gp10-01Osp NA NA  NA 4444      1093 166.66667   1113      1113    155.359
706 gp10-01Osp NA NA  NA 5555      1093 166.66667   1111      1111    120.020
707 gp10-01Osp NA NA  NA 6666      1093 166.66667   1093      1093     53.061
708 gp10-01Osp NA NA  NA 7777      1093 166.66667   1095      1095     81.369
709 gp10-01Osp NA NA  NA 8888      1093 166.66667   1102      1102     45.668
710 gp10-01Osp NA NA  NA 9999      1093 166.66667   1102      1102    141.005
711 gp10-02Osp NA NA  NA    0      1097 166.66667   1097      1097     31.505
712 gp10-02Osp NA NA  NA 1111      1097 166.66667   1097      1097     10.304
713 gp10-02Osp NA NA  NA 2222      1097 166.66667   1097      1097     22.104
714 gp10-02Osp NA NA  NA 3333      1097 166.66667   1097      1097      8.462
715 gp10-02Osp NA NA  NA 4444      1097 166.66667   1097      1097     15.064
716 gp10-02Osp NA NA  NA 5555      1097 166.66667   1097      1097      5.358
717 gp10-02Osp NA NA  NA 6666      1097 166.66667   1097      1097     46.262
718 gp10-02Osp NA NA  NA 7777      1097 166.66667   1097      1097     41.600
719 gp10-02Osp NA NA  NA 8888      1097 166.66667   1097      1097     11.297
720 gp10-02Osp NA NA  NA 9999      1097 166.66667   1097      1097     20.362
721 gp10-03Osp NA NA  NA    0      1081 166.66667   1099      1099     51.042
722 gp10-03Osp NA NA  NA 1111      1081 166.66667   1087      1086    201.402
723 gp10-03Osp NA NA  NA 2222      1081 166.66667   1089      1086    181.013
724 gp10-03Osp NA NA  NA 3333      1081 166.66667   1096      1092    295.066
725 gp10-03Osp NA NA  NA 4444      1081 166.66667   1089      1087    206.737
726 gp10-03Osp NA NA  NA 5555      1081 166.66667   1122      1105    295.050
727 gp10-03Osp NA NA  NA 6666      1081 166.66667   1123      1122    278.824
728 gp10-03Osp NA NA  NA 7777      1081 166.66667   1127      1127     15.667
729 gp10-03Osp NA NA  NA 8888      1081 166.66667   1122      1122    104.542
730 gp10-03Osp NA NA  NA 9999      1081 166.66667   1086      1086    160.222
731 gp10-04Osp NA NA  NA    0      1083 166.66667   1079      1079     64.497
732 gp10-04Osp NA NA  NA 1111      1083 166.66667   1085      1085     54.947
733 gp10-04Osp NA NA  NA 2222      1083 166.66667   1099      1085    209.674
734 gp10-04Osp NA NA  NA 3333      1083 166.66667   1087      1080    244.159
735 gp10-04Osp NA NA  NA 4444      1083 166.66667   1085      1085    163.557
736 gp10-04Osp NA NA  NA 5555      1083 166.66667   1080      1080    121.486
737 gp10-04Osp NA NA  NA 6666      1083 166.66667   1078      1078     24.554
738 gp10-04Osp NA NA  NA 7777      1083 166.66667   1080      1079    248.882
739 gp10-04Osp NA NA  NA 8888      1083 166.66667   1083      1080    196.063
740 gp10-04Osp NA NA  NA 9999      1083 166.66667   1080      1080     46.971
741 gp10-05Osp NA NA  NA    0      1073 166.66667   1081      1081     78.175
742 gp10-05Osp NA NA  NA 1111      1073 166.66667   1079      1079     56.038
743 gp10-05Osp NA NA  NA 2222      1073 166.66667   1089      1088    175.524
744 gp10-05Osp NA NA  NA 3333      1073 166.66667   1091      1091     91.118
745 gp10-05Osp NA NA  NA 4444      1073 166.66667   1086      1082    283.581
746 gp10-05Osp NA NA  NA 5555      1073 166.66667   1095      1092    251.142
747 gp10-05Osp NA NA  NA 6666      1073 166.66667   1082      1082     47.860
748 gp10-05Osp NA NA  NA 7777      1073 166.66667   1085      1083    288.243
749 gp10-05Osp NA NA  NA 8888      1073 166.66667   1097      1096    181.446
750 gp10-05Osp NA NA  NA 9999      1073 166.66667   1072      1072     26.567
751 gp10-06Osp NA NA  NA    0      1071 166.66667   1092      1072    228.048
752 gp10-06Osp NA NA  NA 1111      1071 166.66667   1071      1071    129.127
753 gp10-06Osp NA NA  NA 2222      1071 166.66667   1071      1071     80.076
754 gp10-06Osp NA NA  NA 3333      1071 166.66667   1071      1071    120.271
755 gp10-06Osp NA NA  NA 4444      1071 166.66667   1092      1092     77.111
756 gp10-06Osp NA NA  NA 5555      1071 166.66667   1079      1074    236.520
757 gp10-06Osp NA NA  NA 6666      1071 166.66667   1084      1071    177.494
758 gp10-06Osp NA NA  NA 7777      1071 166.66667   1100      1100     64.097
759 gp10-06Osp NA NA  NA 8888      1071 166.66667   1092      1092     97.172
760 gp10-06Osp NA NA  NA 9999      1071 166.66667   1092      1092     78.858
761 gp10-07Osp NA NA  NA    0      1080 166.66667   1090      1086    205.926
762 gp10-07Osp NA NA  NA 1111      1080 166.66667   1081      1081     41.126
763 gp10-07Osp NA NA  NA 2222      1080 166.66667   1086      1086     89.560
764 gp10-07Osp NA NA  NA 3333      1080 166.66667   1089      1089    102.819
765 gp10-07Osp NA NA  NA 4444      1080 166.66667   1081      1081     22.257
766 gp10-07Osp NA NA  NA 5555      1080 166.66667   1081      1081     97.777
767 gp10-07Osp NA NA  NA 6666      1080 166.66667   1089      1089    124.287
768 gp10-07Osp NA NA  NA 7777      1080 166.66667   1088      1085    211.675
769 gp10-07Osp NA NA  NA 8888      1080 166.66667   1100      1081    230.957
770 gp10-07Osp NA NA  NA 9999      1080 166.66667   1102      1102    116.655
771 gp10-08Osp NA NA  NA    0      1095 166.66667   1097      1097     53.381
772 gp10-08Osp NA NA  NA 1111      1095 166.66667   1095      1095     54.878
773 gp10-08Osp NA NA  NA 2222      1095 166.66667   1095      1094    299.740
774 gp10-08Osp NA NA  NA 3333      1095 166.66667   1097      1097     45.619
775 gp10-08Osp NA NA  NA 4444      1095 166.66667   1097      1097     44.989
776 gp10-08Osp NA NA  NA 5555      1095 166.66667   1096      1096     63.279
777 gp10-08Osp NA NA  NA 6666      1095 166.66667   1097      1097     71.043
778 gp10-08Osp NA NA  NA 7777      1095 166.66667   1097      1097     20.205
779 gp10-08Osp NA NA  NA 8888      1095 166.66667   1095      1095     94.732
780 gp10-08Osp NA NA  NA 9999      1095 166.66667   1096      1095    217.796
781 gp10-09Osp NA NA  NA    0      1115 166.66667   1118      1117    292.655
782 gp10-09Osp NA NA  NA 1111      1115 166.66667   1116      1116    122.919
783 gp10-09Osp NA NA  NA 2222      1115 166.66667   1117      1115    217.706
784 gp10-09Osp NA NA  NA 3333      1115 166.66667   1117      1117    114.955
785 gp10-09Osp NA NA  NA 4444      1115 166.66667   1122      1117    267.715
786 gp10-09Osp NA NA  NA 5555      1115 166.66667   1125      1125    162.237
787 gp10-09Osp NA NA  NA 6666      1115 166.66667   1117      1117     30.564
788 gp10-09Osp NA NA  NA 7777      1115 166.66667   1125      1116    218.314
789 gp10-09Osp NA NA  NA 8888      1115 166.66667   1116      1116     63.401
790 gp10-09Osp NA NA  NA 9999      1115 166.66667   1115      1115     25.506
791 gp10-10Osp NA NA  NA    0      1092 166.66667   1092      1092     73.070
792 gp10-10Osp NA NA  NA 1111      1092 166.66667   1103      1092    190.561
793 gp10-10Osp NA NA  NA 2222      1092 166.66667   1103      1103      1.290
794 gp10-10Osp NA NA  NA 3333      1092 166.66667   1092      1092     10.572
795 gp10-10Osp NA NA  NA 4444      1092 166.66667   1092      1092      8.172
796 gp10-10Osp NA NA  NA 5555      1092 166.66667   1092      1092     97.339
797 gp10-10Osp NA NA  NA 6666      1092 166.66667   1092      1092     35.415
798 gp10-10Osp NA NA  NA 7777      1092 166.66667   1092      1092     62.388
799 gp10-10Osp NA NA  NA 8888      1092 166.66667   1092      1092     52.422
800 gp10-10Osp NA NA  NA 9999      1092 166.66667   1092      1092     32.367

